  0.27437340578243707     
  -2.7466271970295053E-002
 -0.13005041960189012     
 -0.11727353584288858     
 -0.30793523064075268     
  0.43322880815272713     
  -3.3434716831784339E-002
  0.23876231975706141     
 -0.22363887530259763     
 -0.39632157845563165     
 -0.37880109724929167     
  0.40565260212646947     
   6.2340122320539537E-002
 -0.25755555402824803     
  0.47639953710522775     
 -0.26663211195722358     
   3.8743370679565792E-002
 -0.32846667930269080     
 -0.16076952346278539     
 -0.15602980244666598     
 -0.19059628669035411     
  -3.3187019213796853E-002
 -0.11233653054552362     
 -0.11269035095999347     
  0.39019556130874278     
 -0.35500249580286081     
  0.37127824646969509     
 -0.15550127930632562     
 -0.11832177124729815     
 -0.14237424324075931     
  -8.0827401500900287E-002
 -0.29607221416231533     
  0.42091986453514485     
  0.37467619172941380     
 -0.18603798724519771     
 -0.45387140048217345     
  0.27270815608880516     
 -0.15814379758246966     
 -0.25993239819818248     
  0.27511961755153891     
  0.17845437104219997     
 -0.10696161118833869     
  0.36611707705366558     
 -0.41125735901244798     
  0.48695376742341279     
  0.47035874575517045     
 -0.26772127270788082     
  -2.0550137207471453E-002
  0.37666150572756496     
 -0.36482116873834181     
  -6.4806013559176812E-002
 -0.17254748931239983     
  0.16166234881152719     
 -0.46911700978795945     
  0.29133432734817155     
  -1.1219425942568750E-002
   4.8341768621352421E-002
  0.36041076715470599     
  0.34231425559963558     
 -0.15682065373936693     
 -0.15260970036997945     
  0.17571450800617583     
 -0.28750389508452756     
  0.24601925360332244     
  0.13552333392697591     
  -1.5041387609696311E-002
 -0.15148844776123893     
  0.47293216370901936     
 -0.23781368389892443     
 -0.19628272308975470     
  0.36678585261801488     
  0.31171724911368981     
 -0.31641707868252689     
 -0.11877468678045566     
  0.46431931263518778     
  0.47329922029070848     
  0.26011706006440549     
 -0.10507094715051335     
 -0.10037447182777015     
 -0.15432041968866406     
  -3.0428862270994506E-002
  0.46692191480972878     
 -0.21904802949093116     
   5.7352060344401101E-002
  -5.6304353890937464E-002
 -0.34098000936033290     
 -0.25249081039168308     
 -0.27257785115721633     
 -0.46602145603789902     
 -0.16417324682350476     
 -0.47152115757308022     
  -3.4085942613926501E-002
  0.35024474089810198     
  0.25260640657740319     
  0.48672243207126653     
 -0.25395799931418050     
 -0.27722863405408038     
   8.5564759973707272E-002
   7.2365884598554753E-002
 -0.42851011790690374     
  -4.6435950124748104E-002
   8.4986486325733468E-002
  -9.5068344739715704E-002
  0.36529206610646192     
 -0.12451642943272334     
   8.3848701781274015E-002
  -5.7542856651835450E-002
 -0.26579021281408088     
  0.43716305290319535     
  -3.0943533563708936E-002
  0.45765839998212365     
  0.10298448750755296     
 -0.16359586621941835     
  0.29200213552029952     
 -0.44420801523756182     
 -0.43727193972070078     
  0.31657358746896380     
  0.33379092841426927     
  0.13940338937265617     
  0.35033970474819398     
 -0.14245418465442095     
 -0.28496541721860913     
 -0.33035593860686940     
  0.10062530835268146     
  0.12678209968425080     
 -0.30470639323615500     
 -0.44129970079368830     
  0.16123417484714031     
   3.8882475795950611E-002
 -0.20391528969919892     
  0.16057975458476192     
  0.12839577587369588     
  -7.9748310191250393E-002
  -5.3121716566359334E-002
 -0.14792511341658199     
 -0.21115685485841151     
 -0.31755623615577921     
 -0.33229109130228296     
  0.46190661940032907     
  -8.2200744749349020E-002
 -0.28111902883201456     
 -0.45106483348789550     
 -0.28067228618006956     
 -0.20004609589592171     
  -6.6507576233409971E-004
  -8.8058163921272414E-002
 -0.18830819034151580     
  -8.4061832504724099E-002
   8.4600788561583928E-002
  0.48817885254747406     
 -0.17057799478478275     
  -9.0953334012547349E-002
  0.48414935976366696     
 -0.14170599995349786     
 -0.45097399995714271     
  0.46974752643097134     
  -6.3054855506184976E-002
 -0.23251457154209046     
 -0.31480323772631397     
  -4.4518068438463981E-002
  0.29375581325297934     
 -0.25246105653528333     
 -0.15278367948853966     
 -0.44142803620512644     
 -0.43298417284298751     
  0.41624260053449075     
 -0.11437123344082986     
  0.48329063168506359     
  0.41458969256595296     
 -0.38552635633866855     
  0.42502443478557350     
  0.37032949582400843     
 -0.35946681803026026     
 -0.36100712177602379     
 -0.30327354883381841     
 -0.29930464970982978     
  0.29127133864860011     
 -0.38711732608938726     
  -3.6563709329147209E-002
  0.28881705476070707     
  -8.8317720008772221E-002
  0.34586571804114868     
 -0.30137910126615380     
  -8.2407402730096405E-002
 -0.28861443395070058     
 -0.21404061233033492     
  0.19777067042993082     
  0.33618747458631421     
  0.38693659977081074     
  0.34298221041468729     
   7.6380879768374169E-002
 -0.36302352863032250     
  0.42182780883203530     
  0.39081493612744966     
  0.23910545508036071     
  0.20522124011382170     
   9.6923231895229181E-002
  0.14288962592993831     
  0.15886918006235043     
 -0.21889567801918558     
   6.3784752147841281E-002
  0.29402692190804852     
 -0.26121398220763337     
  0.25094450714076855     
  -4.2082666997737106E-002
  0.48376774603271588     
  0.21729361352585774     
 -0.33177956780093543     
 -0.40317388141296240     
 -0.37871762628418459     
  0.43093998386869170     
 -0.28052526612663720     
 -0.24307648129728754     
 -0.47722370475857967     
 -0.42383947600590444     
  0.41075901574858809     
 -0.11788057132745566     
  0.30270315215378252     
  0.11636179172237804     
 -0.25162969516110179     
 -0.41608943818481470     
 -0.44646773340813639     
 -0.45252912174557258     
 -0.34269726123522404     
 -0.49471987084899838     
  0.38319762051493178     
 -0.39576978676857266     
  0.38360095215933410     
 -0.25324665887540732     
   4.5123467654728522E-002
  -3.2822771863381228E-002
  0.29646141154318162     
  0.43955924565724547     
 -0.43494094036788333     
  0.41567622135394611     
 -0.44242591839298984     
  0.24641571706342702     
  0.30799772880056697     
 -0.14294800677526875     
 -0.17202134269469205     
 -0.26347314409932843     
  0.36878620039860199     
  0.12245386387216783     
  0.31463944143018707     
 -0.35122732932901901     
  0.35727324479697475     
 -0.10253900860625620     
  0.41590894962500657     
 -0.27933585351558110     
   4.0105967064033576E-003
 -0.29076397362469064     
 -0.28912382701816142     
 -0.13144974345402061     
 -0.17144068608689400     
 -0.48728985336976965     
  0.47082048332944809     
 -0.27672410966454281     
 -0.48706071317185340     
 -0.27765396342121490     
 -0.22830110224991468     
 -0.34901207963151337     
  0.17078712429121781     
  -7.1257461255730251E-002
  -9.1439840023084071E-002
 -0.12032592028064698     
  0.40277624760638947     
  0.14653681656380410     
 -0.49903925567256308     
  0.48604170105711453     
 -0.12854178240106981     
 -0.31694377069225760     
  0.11533831435147840     
  -9.9035185049401828E-002
 -0.14010409555525580     
 -0.19791025753594441     
  -5.0179458825659384E-002
 -0.35496515195750716     
 -0.28005352240088011     
 -0.32678421141799513     
 -0.46261256622462099     
 -0.31191914983956898     
   9.5350067947573600E-002
  0.43145629226049143     
  0.17804316947114848     
  0.10798427846813835     
 -0.39927672197313324     
 -0.19406637944187594     
  0.13230202571143496     
  -7.0256828386595638E-002
 -0.25008505816042831     
 -0.23545813753018147     
 -0.48963370962523695     
  0.36383824033998047     
 -0.17185808509014922     
   6.1543923214508023E-002
 -0.34451005696757714     
  0.24025428837132340     
   9.3944178757788377E-002
   5.7853447648840928E-002
 -0.31984042876094654     
 -0.38518175946269895     
 -0.20598725557175865     
 -0.28716168627782673     
  0.36589642845363718     
 -0.25507850964211909     
 -0.43617096415117063     
  -6.5079797930939792E-002
 -0.19794814591883075     
  0.18692512185115012     
 -0.37817556136322950     
  -4.9490825257258092E-002
  0.43014126385278012     
  0.38154032706834179     
 -0.41950915909866787     
  0.10172926901949172     
 -0.29612421133283406     
  0.28712345877337031     
 -0.42994686350474770     
  0.12590982484247848     
   2.7965723329081742E-002
 -0.10215467593319831     
  0.22799876690471976     
 -0.44368751623912484     
  0.10779456304980577     
 -0.19100419631099796     
 -0.40377356079098692     
  0.17207422005506001     
 -0.29744829378934978     
  0.35732303200412829     
   8.9387928617878476E-002
  -2.4267236436138373E-002
  0.45984139549580205     
  -6.8113094400827912E-002
 -0.19631463887063638     
  0.41909472659280689     
 -0.38188401430102925     
 -0.44810615275604992     
 -0.43715901953983483     
   8.4925681166211908E-002
 -0.17655855560363520     
 -0.31193886648229918     
 -0.15519174166909599     
   8.2926758789738875E-002
  0.49673828901588934     
  0.25761504228751719     
  0.30708793994816397     
 -0.44616293451840983     
   8.1350232601292038E-002
  0.46492259561841853     
   8.4214065155538753E-002
  -7.2283979481980065E-002
 -0.26964177978904669     
  0.40153817011978643     
 -0.36883014429263306     
  0.32484717521862527     
 -0.32727064469122846     
   6.7516399830528706E-002
  0.17352022997338859     
  0.17722541134935094     
  0.19818172725127395     
 -0.37944658238290058     
 -0.13572054603218361     
  0.17549305099111509     
  -6.6009461953023194E-002
 -0.44865918370611252     
 -0.30114949897960397     
 -0.30010724850091591     
 -0.33845274614051873     
 -0.44713176159767726     
 -0.41558071885777154     
  -8.3282595694766884E-002
 -0.30472978366500569     
 -0.44280802164427108     
  0.34720237461571807     
  0.17647218241066204     
  0.19108588559193196     
 -0.39818048349778939     
 -0.21415312199676831     
 -0.49590418525307595     
 -0.58629744516564763     
  0.47666219170499446     
 -0.25295801059182199     
  0.37647807250666510     
 -0.36704893883064305     
  0.37685000526930695     
  0.18919055549342625     
 -0.47170443846654192     
 -0.40265425940599731     
  0.27322241502571643     
   9.8617376350238012E-002
 -0.45410371060555643     
 -0.10644654420154960     
 -0.16316379565171310     
  0.37088993323412994     
  0.38956933875661554     
 -0.31277714600467532     
  0.20203567537152389     
   6.6934004060856617E-002
  0.40433700520608645     
 -0.50490672921565194     
   7.1476419435615404E-002
  0.19157810795130936     
 -0.29717148747774796     
 -0.16199790805197176     
  0.44791247070556467     
  0.40436992293712404     
 -0.27042722508858541     
 -0.49296191563592157     
  0.10390564018532007     
  0.39285306793890545     
 -0.34245673944438720     
  -9.8906310750831623E-003
  -3.7145838734307116E-002
 -0.14720343576882047     
 -0.56485865353193798     
  -8.8815813049541462E-002
  0.14006977011919980     
   1.4022865524063422E-002
 -0.39178824410076213     
  0.10351550913310728     
  0.22420676853428961     
  -7.7646904764184607E-002
 -0.36468569812771001     
  0.20371987333375013     
 -0.14683372731468974     
   2.1183106553133553E-002
 -0.24204622291440819     
   4.1856886232870122E-003
  0.10348520214193933     
  0.19738332373110909     
  0.23266756614187059     
   8.2016676055721299E-002
 -0.37803536749092520     
   7.1810293423464205E-002
 -0.39524464942748588     
   8.5650541858165147E-002
 -0.30590726953881275     
  -2.1649748799962398E-002
 -0.28755227330307165     
  0.20711349461339823     
  -3.6863365309633855E-002
  0.13077174382440870     
   9.9438040715679854E-002
  0.23543607962560187     
   6.1662349114546711E-002
 -0.11507391353992147     
  0.27339800757620170     
 -0.31510758847296305     
  0.43994527030079533     
 -0.15589702606934785     
   3.3107124717488556E-003
  0.23209500767521063     
  0.26987923362768229     
 -0.20923015287239033     
  0.12817382680576928     
 -0.49154911054183126     
 -0.20202255882231590     
 -0.48880242628556991     
  0.46895686961972716     
  0.47588852158280437     
   4.7137770070694807E-002
  -4.4135182459262887E-002
  0.31424235605407963     
  -3.5164470244940148E-002
 -0.25747582799884777     
 -0.41747090117188085     
  0.19141835039929853     
  0.36661418582612065     
 -0.10925607630609663     
 -0.13322181517683104     
 -0.37298108638296612     
 -0.17490005298019157     
  -2.3519733929610046E-002
 -0.45750634703216797     
 -0.21313582913517487     
   9.9201364324316366E-002
 -0.11647313820901604     
  0.25481816047390460     
  0.14097265348027799     
 -0.32222145396801533     
 -0.12863912134157202     
  0.36559747969663436     
 -0.49599265427554479     
 -0.42867864199253830     
  0.42240656224455891     
  -5.8342632042147409E-002
   7.9590850294375071E-002
  0.20399745445555559     
 -0.18479581469749262     
 -0.15746398305713674     
 -0.34336047611731241     
  -6.8466174539523264E-002
  0.10662987184163752     
  0.28413695488792751     
  0.44290192876923984     
  0.38240553204319039     
  0.11131684736000624     
 -0.34328311009840384     
  0.25861006769021233     
  0.16721395985901638     
  0.13736061815320832     
 -0.12837623427792122     
   2.0989599861521296E-002
  0.43265999496984653     
 -0.29046586912964134     
  -9.3785858579716025E-002
  0.43766426728055269     
  -1.1683283661905734E-002
   1.4675459981268469E-002
  -8.1017711324881211E-002
 -0.43250904487766528     
  0.16173832702764993     
  -1.3026636886674632E-002
  0.25820441229599922     
  0.24443012536769806     
  0.13279967998875961     
 -0.22088364836395261     
  0.11141621787385152     
  0.14664592700554643     
  0.46429149481250931     
   8.0040150948124333E-002
 -0.29771420935944842     
  0.34399950784957439     
  0.18012897708993816     
   2.7951993859295209E-002
 -0.20168321926711544     
  0.39621419763353299     
 -0.32682788578930161     
 -0.40852388042923887     
 -0.13434756506285916     
 -0.10165034264696474     
  0.43360457901740079     
  0.31797150942186120     
   7.1327706423976150E-002
 -0.18749116687142436     
  0.56473542379535002     
   9.0114195975332004E-002
 -0.31755128504175456     
  0.45535579853096131     
  0.35734522781409461     
 -0.52957050859646770     
  -2.7265463767263128E-002
  0.39124781757635613     
 -0.39641957181385873     
 -0.47280652254794653     
 -0.47448576872509995     
   3.1138643704762617E-002
 -0.22121208818881913     
  0.48167833956854866     
 -0.46177218747882476     
  0.39494907923866013     
 -0.28687828704228979     
   8.5352527835922287E-002
  0.14844743845779362     
  0.20701223741811381     
 -0.10220174492358480     
 -0.11192418383115388     
   9.9423583272159832E-002
 -0.31256257946320898     
 -0.32056888063341860     
  0.26755320540979266     
  0.37612166024350280     
   5.7137032599283155E-002
  0.29937797000463584     
 -0.40433815986193922     
 -0.38816165122510715     
  0.33970876416543216     
 -0.40986726602617074     
  0.14675106877590813     
   2.9624292485854704E-002
 -0.45510490229547307     
  0.49407499351411893     
 -0.33074716637468449     
  0.22847384202146412     
  0.43754142066542262     
 -0.32344853211672209     
 -0.43691817092723328     
  0.44907300424759533     
   7.3155980438016133E-002
 -0.12905183848110183     
  0.43117255520596792     
  -2.5377182871698913E-002
 -0.37017134081052022     
 -0.26798958832545566     
 -0.47052966606125957     
 -0.41390591991826131     
  0.45859289363173117     
 -0.36479127640474562     
  0.32535453803474434     
  0.13803431162978511     
   6.9725494476096828E-002
  0.27261384959411911     
 -0.35425688480918643     
  0.37235039573377660     
  0.14826703987523193     
 -0.22246735646228266     
  0.26607260355443180     
  0.22218049941789808     
  0.48043689534115580     
 -0.29977039033509667     
  -9.7355769599049166E-002
  0.41733812427415062     
 -0.16234330579324754     
  0.40592218648913764     
 -0.29997063538827345     
   5.4883376904134223E-002
 -0.15157924351626703     
  0.10455052112020306     
 -0.38437395649797490     
  0.26771152467179599     
   9.4135405032917646E-002
  0.10666899736598297     
  0.52809603814471140     
   3.5679411146194662E-002
  0.44869249233712116     
 -0.37449763993968316     
  0.51833623602573220     
  0.31188533989425327     
 -0.24719476557746170     
  0.20275792603719767     
 -0.19652740947533423     
  0.28532581743209012     
 -0.44502266354849612     
 -0.35361262639530266     
  0.29586909807807471     
  0.89564729419232525     
 -0.40850026566569897     
 -0.14194265667190689     
 -0.12391379201518278     
  0.25330629861729664     
   4.7566755461030612E-002
  -1.6283789413154743E-002
  0.30733860576242983     
  0.58917267604777701     
 -0.59014454209722222     
  0.28872894795182757     
 -0.17784062796447891     
  0.59184798375025638     
   6.8373711624587344E-002
  0.12520392645693476     
   2.0427861281346143E-002
 -0.21291562355378205     
  -5.2954648276035236E-002
 -0.25839586644093993     
 -0.20629225503891227     
   5.9696855352029669E-002
 -0.13530805241239172     
  -2.9503903127112121E-002
   5.6735559382462442E-002
  0.17916685508960317     
 -0.23739346284713247     
   5.5646630575585269E-002
 -0.43659292793422716     
   8.7641507582705169E-002
 -0.28709015916456510     
  0.27682768427320020     
   7.2320142947325375E-002
 -0.36849259104080317     
  0.28370268140368543     
 -0.25468320092797564     
  -2.8834938812857959E-002
  -7.1489043822592677E-002
  0.48881633206585051     
 -0.46938294351085175     
  0.49495535065934398     
 -0.33986705003909956     
  0.23713144785651513     
   7.4568680947577307E-002
  -9.2519394377593277E-003
 -0.13848752825519911     
 -0.30424787599660552     
  -7.2156717035686185E-002
 -0.26250285852228639     
   7.2488028692989981E-002
  0.18366450163603998     
  0.17200167917855846     
  0.28000100926284754     
 -0.14818474369948220     
 -0.23368495017160062     
  0.47031411698640280     
  0.29901259128741381     
 -0.35949253543023513     
 -0.27351712573963077     
 -0.48413050316721151     
 -0.31074323149455579     
  0.21580371118671696     
  0.29481187044005525     
   6.7955098722499496E-002
  0.37379545140247272     
  0.49926490901771736     
 -0.43934129072536587     
 -0.46153111557909249     
   7.8446240978403387E-002
  0.36992124509105767     
   4.2807077056721030E-002
  0.21426896879548252     
  -4.8014786907365908E-002
  -6.6025905674175184E-002
 -0.25263351063160927     
 -0.10177382481704782     
   4.3688475559176335E-002
  0.28575404782790570     
  -3.1469226165553373E-002
  -5.6458604585871335E-003
  0.15601058403647375     
  -3.6203201582370058E-003
  0.28909793745018708     
 -0.22194033824325962     
 -0.36295073189959642     
  0.58033949810859653     
  0.46201030312502689     
  0.39069035030727195     
  0.37557992853791999     
  -9.6900450897827409E-002
  0.21111059512137087     
   5.5021402331883861E-003
  -4.1019253460787546E-002
   6.9757060844484270E-002
 -0.17208576495538472     
  0.17029446727097480     
 -0.32231939662365627     
  0.49990403702804986     
  0.50146707248044353     
  0.13390186369601798     
 -0.49657374065079857     
 -0.18836153515014459     
  0.43326861757179358     
 -0.27851812327723074     
 -0.18078558803741332     
   9.1517746318730241E-003
  0.36499109772187205     
  0.26476214351493788     
 -0.43053730964747300     
 -0.27380089573006550     
 -0.36230246755541784     
 -0.15297312773477428     
 -0.39386275697153778     
 -0.10546596672064509     
  0.31167146252229572     
 -0.57500167423742710     
 -0.33075011171539515     
 -0.26422577909055744     
 -0.12713179269793759     
  0.11088796070808862     
  0.16564484299231552     
   1.0100112805646290E-004
 -0.41630676346853945     
  -4.7950220072117411E-002
 -0.10442439374327393     
 -0.36950212691088841     
 -0.39838311531572784     
  0.20303248513680344     
   8.2908068912377356E-002
 -0.27224354447825816     
  0.42864621706856110     
   1.6842438292745173E-002
  0.57728531095449453     
 -0.11452035302740535     
  0.20667708187053158     
  0.15373526124904657     
 -0.11628681820596105     
 -0.29928824375700497     
  0.11701542829454002     
  0.29202936730890416     
  0.40061589339773168     
 -0.36927265365902595     
 -0.40446403874519304     
 -0.12477251405214340     
 -0.30197321780963798     
 -0.44582243253943588     
  -4.3278697064826031E-002
  -6.5159458441114704E-002
  0.43150879183694885     
 -0.41268779798359684     
  0.50662052441487504     
  0.26009342071271147     
 -0.20989394343226256     
  0.21774941980495688     
  0.46265393404101463     
 -0.30332194066240625     
 -0.16541215144396990     
 -0.26932050988099515     
 -0.26902672961664703     
 -0.35677174477434365     
 -0.24919370390787357     
   4.2642526612967593E-002
 -0.20809777600298110     
  0.30192157499102645     
  0.39554467265036397     
 -0.43102628713144669     
 -0.46316841226654754     
  -9.4483356772608759E-002
 -0.12608919296073345     
  0.38527473356314768     
  -1.2779607446301210E-002
   5.4356760615885541E-002
 -0.32164238758965474     
  0.48553350206036588     
 -0.17349620300386587     
  0.47103706286595509     
 -0.25098371723408641     
 -0.35457727029899294     
 -0.42329589309592547     
 -0.31692992679944698     
  -5.0723435363980288E-002
  0.28075383633121148     
  0.37940301317569020     
 -0.27769810697987302     
  0.11086879305042903     
 -0.20933718176492197     
  0.34119905076683360     
 -0.34880854658724236     
   2.9473001060786052E-002
  0.40198942166248958     
 -0.29300953454333378     
  -4.7361974497752694E-002
  -8.9169440688888588E-002
 -0.17058625634230004     
  0.41433371007234759     
 -0.30112611233679443     
  0.12925580381993862     
  0.41006117170964268     
  -4.1332680950769418E-002
  0.10244900683976574     
  -1.3880241416001627E-002
  -5.5986513252368329E-002
   3.4391243597697310E-002
  0.27266442429823368     
  0.13048086665970129     
  0.21619922887956056     
  0.40624850384910144     
 -0.49877471257378719     
 -0.10348624544552683     
   6.5492544793571153E-002
   4.1482319732399998E-002
  0.27592615005564053     
 -0.37648741945291292     
 -0.48192870542089505     
   8.3958881388126599E-002
  0.31474131750966688     
 -0.29085263876633438     
 -0.17766410918909664     
  0.24997125065108550     
  0.13606296822181521     
 -0.36122991022450457     
 -0.43302266739467582     
 -0.40161595421969104     
  0.27474632515949471     
 -0.39446308612603825     
  0.21106880628554592     
  0.34623235073058378     
  -1.5640948319819541E-002
  -3.1329136618886769E-002
 -0.44845396213627114     
  -6.8647896463568142E-002
  0.19350240828644616     
 -0.23886722550312925     
 -0.27893952215824291     
   5.9510848332492454E-003
   9.2036863609620004E-002
  0.38822732833925949     
  0.36841788157242822     
  0.17772668991584226     
  0.33590789146544614     
 -0.19291349812739511     
  -3.8569680433226693E-002
  0.12259760574641305     
  -3.1065266645051898E-002
  0.30590687038318148     
 -0.34478678832983084     
  0.11049779627994168     
 -0.19599106318619172     
   7.7540620259760107E-002
 -0.27631645020853712     
 -0.38218946287289168     
  0.42453826655012494     
  0.27851124791510173     
  -2.3636788056280895E-002
  0.41478916377082531     
 -0.17783386026997322     
  0.30563497839278897     
 -0.16529936904333731     
  0.17018544034854516     
  0.75891313802496452     
 -0.24908144199947788     
 -0.34048696200483858     
  0.37960411798699767     
 -0.15868250355911512     
  0.30099113437071701     
  0.40172435487547947     
 -0.22256575348176061     
  0.40636663530163186     
  0.45389934890646783     
 -0.11589008412055951     
  0.37082550961334665     
   9.9466866478362628E-002
  0.24822378294940464     
   6.9346034862376324E-002
   5.8226056536603080E-003
  0.34788207674719768     
  0.30077311766892600     
 -0.31917869936227627     
  0.11692355944200063     
  0.45667160139118051     
 -0.42225057229885232     
  0.33954654457118444     
 -0.11970332061091048     
  0.14659180611605693     
  -1.2496662157824663E-003
 -0.25712867434705206     
  0.29098467683910534     
 -0.41156230075490013     
 -0.44352712606347494     
 -0.18263577950681534     
   2.7948661069896626E-002
 -0.35609363354495971     
 -0.19372171014140019     
  0.11113210038566630     
  0.29325901401650412     
   3.6293963812591486E-002
 -0.36913146823814419     
 -0.27857559550538646     
 -0.20926139461425791     
  0.25716961755805129     
   5.9139216677193782E-002
 -0.10024046705849562     
  0.54879943472294013     
 -0.19855872235116090     
 -0.55059271742038396     
   3.8559614818738173E-002
  0.35460254940403463     
 -0.37591800504229661     
  0.38608155072266392     
 -0.21932393508754464     
 -0.35574865424040386     
 -0.32936048511249993     
  0.46191373866558122     
  -6.6934108837443204E-002
   2.8141560404162224E-002
  -7.0859778778878564E-003
 -0.28707785611179248     
 -0.27403532093941940     
  0.42805493213308149     
  0.15462123942292993     
   2.0004303313230262E-002
  -2.3213315393876131E-002
  0.52110138458857957     
  -2.1009477350731321E-002
 -0.69340405308120490     
  -4.2423247716459660E-002
  -5.0459040905644105E-002
 -0.12577412325342832     
 -0.73535885133940104     
 -0.51412219021862138     
 -0.50843432176771086     
  0.31601087531204985     
 -0.32558446141988345     
  -2.6274900797109663E-002
  0.37287631466308035     
 -0.26416173606385995     
  -7.6323294112593823E-002
 -0.79690956794650980     
 -0.40874331906572026     
   1.5683816671676343E-002
   1.7243678014493051E-002
 -0.16612049238265508     
  0.22630836710701313     
 -0.36676599679449506     
 -0.35638771716904138     
  -9.8361637513394870E-002
  0.29913974466261478     
  0.20317127029803789     
  0.38367728710641169     
 -0.24007452466314258     
  0.53389753599463763     
 -0.17585145682158393     
  0.15007531183289033     
 -0.54541777708977013     
  0.46610217244145058     
  0.54224288744715232     
  -8.8404924127283274E-003
  0.23024331834968959     
  0.39503139929405401     
  -7.6649743138333115E-002
 -0.29245561773197948     
  0.16116075664413879     
 -0.40831252222039771     
  -6.7990591041788326E-002
  0.16128151922553310     
  -7.3815408324265891E-002
 -0.22013525000430820     
  0.41904957405039706     
  0.25085778967153993     
  0.11157780323685801     
 -0.10462915003198295     
  0.21577906290150586     
  0.34089086885814046     
 -0.68464676305802696     
  0.41553841223121046     
   5.7588321071361900E-002
 -0.19403864526976808     
   6.2966937232793396E-002
  0.17936254194638054     
 -0.12745484215486794     
 -0.44205712184498808     
  0.23244763263025126     
  -5.8185965840223163E-003
  0.21572301420705295     
 -0.14487913542997563     
  -8.2563858533989801E-002
 -0.43548695673129539     
 -0.45782210004049601     
 -0.44619941666295970     
  0.19830660468323660     
  0.14321191629985092     
  0.41160502081424033     
  0.46710522629120693     
  -7.9527975247152077E-002
  0.27720021863477901     
  -9.1119497520743969E-002
 -0.27983352289231134     
  0.11231057793896390     
  0.43318922288186235     
  0.21743058735930568     
  -8.5777195404143733E-002
  0.32619867420349902     
 -0.40680057200948605     
  0.48762712573842953     
   7.3916402077806309E-002
  0.22342873159129883     
 -0.15180158302714988     
  0.40282485010675023     
   2.1909423686987478E-002
  0.34063325924043397     
  0.42235799749627417     
  0.36754092016740003     
  0.28636578516925865     
  -4.8149184042370077E-002
  -7.3024683481710984E-002
  0.24054416479933904     
 -0.27503993780519009     
  0.23108262118953213     
 -0.12836661870059590     
   2.0546265758977979E-002
 -0.27310358306202892     
 -0.35955971987576535     
  0.10815691135283728     
 -0.12293602556681449     
   9.0866285941326244E-002
 -0.15254308393184529     
  0.51613754262054345     
 -0.53678465235260886     
 -0.52135635411532011     
  -3.1251469712788270E-002
  0.46716781305306904     
 -0.17824176509334597     
 -0.25989703586887991     
  0.41323859674680580     
   5.9140957591236491E-002
 -0.63807859495921415     
 -0.46431890442328805     
 -0.42346116688911156     
 -0.21067899426120559     
 -0.11069284216561964     
  -7.8054689435382490E-002
 -0.72745166670302530     
 -0.30834605793932079     
   4.6612509310586664E-002
 -0.74268456104984470     
   3.3165298041165268E-002
 -0.29804141041080962     
   2.1005414141421156E-002
  0.21297241957007693     
 -0.46453763073688542     
 -0.28094419853732289     
 -0.12662117923223332     
  0.19088460143435662     
 -0.20730433531122180     
  0.31082525929938193     
  0.12149620168888789     
  -8.5509041072525216E-002
 -0.44268944119678472     
  -4.2951015284873946E-002
  0.17821290288991384     
   2.1481860514544444E-002
  -5.6795886673177226E-002
   3.7299018446935853E-002
 -0.37307038253061542     
  0.41093330662187982     
 -0.15645580640869400     
  0.22055056980761209     
 -0.18062148770637909     
  0.46813672451436672     
 -0.54170485756441566     
 -0.32411339018203772     
   4.8202581524297149E-002
  0.15244677720407551     
 -0.52160474564869219     
  0.14680834451402502     
 -0.52299657334641425     
   1.7965357612546903E-002
  0.23346295631818767     
  0.18168113555907081     
  0.32848914210281810     
  0.44833461159678029     
 -0.35744891403679568     
 -0.31698176010588192     
  0.52273239895516754     
  0.11287793483427006     
 -0.47103785253780472     
   1.9739595850489886E-002
  0.62805360658142984     
 -0.27633306554103820     
  0.25456145568388683     
 -0.19404802231861509     
  0.38016181716575731     
 -0.22838992649401407     
 -0.41526089080859285     
  -1.0866984686194358E-002
  0.14576809576975050     
  0.22607936637891990     
 -0.48783842667163269     
  0.45335449970253161     
  0.12913147670169978     
   4.1344669980307919E-002
  0.16828931551994003     
  0.11123189836363009     
  0.43425106877400760     
 -0.37952073805985942     
 -0.45234223466244705     
  -4.8191670790659655E-002
  0.29363914005183805     
 -0.10427404005159641     
   3.6210951916601258E-002
 -0.25876985457392343     
  -1.9349561535230542E-002
 -0.36955655212105304     
  0.41779597130766560     
 -0.12657791579191310     
   3.9908825702961908E-003
  0.34444704301862183     
 -0.41698372550963375     
 -0.27584670496368552     
 -0.35084749776095875     
 -0.59786947423011982     
  0.13029726211211010     
 -0.23494340092668847     
  0.20213865594062438     
  -2.9617636636271216E-002
 -0.58128219109241963     
 -0.21441580829541429     
  0.25897184157491254     
 -0.18224576186608982     
  -6.5816584380352566E-002
  0.41474376101818189     
 -0.12922860979478420     
  0.15535008731001601     
 -0.12062221522699723     
 -0.41861167475731897     
   4.5478722559457721E-003
 -0.15632407529570222     
   4.9290962468924712E-002
   5.6817987221760229E-002
 -0.40244100426264084     
 -0.37243653149672173     
 -0.15853450730245991     
  0.35944595828676040     
  -3.8915442826983331E-002
  0.22624602019174045     
 -0.31333850006196068     
   6.6911622666983393E-003
 -0.25271384695962307     
 -0.55718863830455390     
   1.5815387846643582E-002
  0.45596942469134666     
 -0.23450429708626899     
 -0.26131470825148889     
 -0.43059164864721172     
   1.9290444424403062E-003
  0.62246501172960367     
 -0.25089103565207971     
   8.0128820446869434E-002
  0.28991104256216799     
  0.62298144905734554     
  0.46821344856732777     
 -0.41875142128764692     
  0.73762710468286485     
  -5.0674300464241158E-002
  0.15515490962907263     
  0.11652482563649889     
  0.70567315505001071     
 -0.21127861160415934     
  0.65250613900943566     
 -0.49964415505417253     
  -2.6375486825052884E-003
   5.7778496492154996E-002
 -0.19284610267878641     
  0.15987034109120246     
  -4.7555461870165530E-002
 -0.35897670771251844     
  0.44277950097463276     
 -0.31555364139512487     
 -0.47470715286083803     
   7.2336520029451803E-002
  0.26820523797774953     
  0.46141733387455691     
 -0.28702991494856972     
 -0.12034793212347075     
 -0.26049546680811592     
  0.21698419074352424     
 -0.31262415668445415     
 -0.38346943977462150     
 -0.16663164143587789     
  -1.3757692715034199E-002
   7.0943419379523157E-002
 -0.16622614125232849     
  0.51173622174714328     
  0.38812936102074813     
  0.12452246443879354     
   9.2276483494720729E-002
  0.33745299939794388     
  0.30472103321606769     
  0.17453987969413956     
  0.60385249900180815     
  0.24783515203631853     
 -0.28831617192530890     
 -0.15122859428718433     
  0.26535930739976216     
 -0.25375020015464211     
  -1.9041266227842413E-002
  0.23099599378174251     
 -0.44683269701701389     
  0.45289531408380113     
 -0.10975820427873995     
   6.4059649495184612E-002
 -0.44530763824895536     
  -8.7970751485985446E-002
   9.5229325710306970E-002
  0.30625245368583459     
   7.3548280868092661E-002
  0.15954887966304337     
  -1.6783082747836679E-002
 -0.36688727204210392     
  0.22790108473838339     
 -0.40746435981707507     
  0.28734886467555126     
  0.27079080628323238     
  -1.5241276769362051E-002
  0.30616883176491766     
  0.26684991568515304     
 -0.36687535542393263     
   5.9390629390276501E-003
 -0.22421685823616297     
 -0.18069699088933183     
  0.22948589138759126     
  -1.9743142395134354E-002
  -5.2327064303812378E-002
  0.22528726560685447     
  0.15964240731183818     
  -3.9540866473730035E-002
   5.7459280178349052E-002
   5.9237046033232864E-003
  0.26956017277066596     
 -0.29694941128634916     
 -0.34909951600405215     
   2.7058364800123303E-003
  0.21855070677405233     
 -0.13789947556931106     
   2.8178839806678860E-002
   9.5633075849284085E-002
   9.2885254583225385E-003
 -0.30240718699520314     
  0.14015673513045807     
  0.45718541335732421     
  0.54271901272405976     
  0.70227593543729849     
  -5.4820542709389623E-002
  -2.6857157517212914E-002
  0.50256154854433333     
 -0.22186566907833249     
  0.25158221751432602     
  0.29078142674108975     
 -0.39822134590373637     
  0.23869578986281778     
  0.25804967368176812     
  0.44463188398015119     
  0.34368038245237015     
  0.26221649030764860     
   4.6954262197404138E-002
 -0.55540733402183451     
   8.3629762868254909E-002
  0.46833142589161225     
  0.25277015362832889     
 -0.37500083511558963     
  0.25823205329085647     
  0.45685183181397382     
   2.9149430101065042E-002
  -4.4776727673189791E-002
  -5.2749878631108381E-002
  0.36894401629134721     
  -8.6336468402475712E-003
  0.52301089357819175     
  0.34551742813366471     
  0.26992224172612367     
  -5.3233700747949551E-002
  -5.1822051398038943E-002
   1.7326719323128858E-002
 -0.19974365482886719     
 -0.30696568466187962     
  -2.0991945081877770E-002
 -0.39917240330231424     
   1.4485512086406254E-002
  0.18236892768745122     
 -0.36907422081121255     
   7.7206136009390136E-002
   8.0636150277562046E-002
  0.18117985032809741     
  0.25954415796485636     
  0.13773489883939932     
 -0.26459416816342590     
  0.39959439510719508     
  0.61611914967663417     
 -0.49339922298117495     
 -0.11161428804112911     
   9.5472543687332739E-002
 -0.12754238724342182     
 -0.50678265156984381     
  0.33827407970149947     
 -0.23486686922789798     
 -0.10312978869180194     
  0.24527819030699155     
  -9.2604093837481402E-002
 -0.35419608064726477     
   4.6236813630987521E-002
  0.37523382036063596     
  0.28957373689221744     
  0.17549690555363817     
  0.48226565008405503     
 -0.24130763065362776     
  0.26465822781466097     
 -0.48914055350100516     
 -0.19005029046863597     
   5.7790450593426801E-002
  0.28838415502469350     
  0.32777741454274856     
 -0.48720291559494067     
 -0.47598282984054796     
 -0.32080920598535190     
  0.11023357625064965     
 -0.41016232156340882     
  0.41481446283719520     
 -0.20965054318992024     
  0.19569062681703003     
 -0.14218465565184937     
 -0.22809517106239746     
  0.39777731638567787     
  -6.3575358457265113E-002
 -0.48898101044030734     
 -0.37284100030459644     
  0.33748824609555411     
   2.7125368194595097E-002
  -3.4097514098914393E-002
 -0.22279992021278194     
 -0.21046341023416418     
 -0.17303409419872143     
 -0.45961831808014747     
 -0.15510399029098332     
   9.3056676431134897E-002
 -0.45499649996378877     
 -0.56562850056988712     
 -0.42101152173706374     
  -6.7632392458613022E-002
   2.3094006421831050E-002
  0.23483113904733208     
  0.24279527745569368     
 -0.12560883347577279     
 -0.39576383664920678     
  -9.6312171467707763E-002
   6.9947205816830255E-002
  0.36529512037666595     
  0.14158884011322448     
  0.23867965757090462     
  -6.0876387392756047E-002
 -0.19338779216174207     
  0.38040338123586759     
   7.4382667290644536E-002
   1.6943432217316817E-003
  0.15739070892266316     
  0.13103504570015706     
  0.24561689828679853     
  0.13818300075217316     
  0.11016126270146896     
   9.6803866441597691E-002
  0.65573729262946079     
  0.12592113724777318     
  -7.0766994045023627E-003
  -5.4681637371752842E-002
  0.34545718783496293     
  0.34747542934241010     
  -5.8428828656246760E-002
 -0.67329912928723179     
 -0.11649058815726339     
  0.33479459983675752     
  0.38363378629200168     
 -0.39775830817848506     
  0.41615824005773278     
  0.34768680950659869     
 -0.16089436224285916     
  -1.0984827268221571E-002
 -0.22177070888052888     
  0.63082822470638600     
 -0.17017025289300219     
  0.23762884977624907     
   7.7181263775655345E-002
  -1.1152402037546262E-002
   5.5390536407655296E-002
   3.6559975656055517E-002
   9.7344514646740612E-002
 -0.33742652512135402     
  0.27675714029561799     
  -6.2879917866424453E-002
  0.61870799818271016     
 -0.30441046260034405     
 -0.23391587255223012     
   7.1882290944465771E-002
 -0.21548619004651520     
  0.11164121736161342     
   7.8749581048795328E-002
 -0.59753256647332909     
   4.6071932201928220E-002
  0.29529866138168587     
 -0.34517343779251275     
  0.34915162931665061     
  0.18947947964560152     
 -0.12385750182471164     
 -0.38494038324309682     
 -0.24404928823685021     
 -0.27509868966346740     
  0.11077805006103084     
  0.10508751089075399     
  0.47370479592392661     
  0.39499935584086626     
 -0.46718490160303477     
 -0.44902546092710244     
  0.12338636131989469     
 -0.12860691967222487     
 -0.41989749937686593     
 -0.48126276236253696     
  0.23206633695093853     
 -0.32496692757406748     
 -0.43243828858588856     
 -0.14105176129687680     
 -0.40007679132120433     
  0.19734695780871736     
  -3.3800539403877616E-002
 -0.15662156687685136     
 -0.33264350427386380     
   7.5442880457324613E-002
 -0.49481709112560512     
  -2.2682543308104264E-002
  -9.3467665528505925E-002
  0.23940552315022018     
   8.5721097000321211E-002
 -0.12257041634683118     
 -0.24425380819623038     
 -0.45727780565833276     
  -6.1836893672084940E-002
 -0.32588432902006548     
   9.7396319760585326E-002
   4.6326063722974903E-002
  0.14406968957462046     
 -0.44482483210036811     
 -0.14633455884494992     
 -0.43256665830438285     
  0.38076917090200174     
  0.55368220176357397     
   9.5251140505331844E-002
 -0.22139918376372875     
  0.49973752382041825     
 -0.16067963053500159     
  0.30089012595735282     
 -0.50310109438445516     
  0.24290156094537474     
  0.19911652761200310     
  0.19998938638566421     
  0.11142492276248153     
  0.17753532698715035     
  0.10861997051219556     
 -0.14087317222599122     
 -0.25999896903718261     
  0.36019212626756208     
 -0.31341263664972635     
  0.27940020606622745     
  0.13756590068820271     
  0.22707388243861865     
  0.25810934557535981     
  0.11251850696579620     
   1.1300642436573097E-002
   1.3471875113068650E-003
 -0.35116267588225319     
  0.66137141933458077     
  0.49178200739142647     
 -0.10030881880274292     
 -0.24550849913571970     
  0.10738430104274836     
  0.59105334857240499     
 -0.28540516930250248     
  0.20142699962545141     
  0.46939996352027968     
   8.2332166885310133E-003
  0.27552751064435238     
  0.53452918066700617     
  0.22729418097474857     
   6.8911273960963568E-002
  0.72336699629089807     
  0.57561787937582964     
  0.31586375330084421     
  0.28213294591000548     
  0.13294959164565948     
   7.0939468232250655E-002
  0.21736607522462995     
   1.1302530665262092E-002
  0.13649094969674572     
  0.23742136256022117     
 -0.47624019903257164     
  0.46493609941495062     
 -0.34729726094056790     
  0.16027673529242334     
   3.7683371516301811E-003
  -4.7976404400371139E-002
   2.7179943555350691E-002
  0.24735056746243095     
 -0.32278167887567866     
  0.30107282995964146     
   7.3986044707537682E-002
 -0.34943619648930480     
  0.38407578780020785     
  -4.7573516642295609E-002
 -0.37786897366762828     
   1.6317516950432810E-002
  -8.6782510882646047E-002
  0.55417426730980801     
 -0.50337582470093101     
 -0.60295482028513359     
  0.26047166454132126     
  0.59958441120126571     
 -0.59600448048837096     
 -0.13598759014237763     
  0.32432003848850982     
  0.36901210248526478     
  0.12816737127310834     
  0.13089636942841493     
  0.50040518601398243     
  0.15976958931649460     
  -2.1797487656606232E-002
   4.8691040626652339E-002
 -0.15389809238345301     
  0.36534828667597541     
  -6.8639695012093091E-002
  0.11146940898773371     
 -0.32035971131341212     
 -0.49365811535231380     
  0.25470348465280607     
 -0.41365365919763636     
  0.32922495646905536     
 -0.41085807948248487     
 -0.15599024175210774     
 -0.19369211734497482     
 -0.49042624504126942     
  0.13579943864737543     
  0.40505211728382884     
  0.15525442259313249     
 -0.13535027836724128     
  0.26256283046892931     
 -0.12566146646367327     
  0.21915685834753121     
  0.29587940603014301     
  -8.6580057880888111E-003
  0.34221755525485048     
   3.9915715874377061E-002
  -2.4821455262161254E-002
 -0.17751551011037978     
  0.12316315200935656     
 -0.35411728666155862     
 -0.41401745440886278     
 -0.40951563937393304     
   6.6088291433304761E-002
 -0.28959478719354431     
 -0.44907842741118448     
  0.24974498625426084     
   3.0359588958991531E-003
   6.7295635426292119E-002
   5.2017497852795212E-002
   1.2033314237457839E-003
  0.19805572549767392     
 -0.14874581747097662     
  0.32592701545523772     
  0.20643131970896209     
 -0.48366483401386529     
  -7.8127222976379820E-002
  0.14148809276040666     
 -0.11575948278562471     
 -0.57927225841652907     
   7.0785358936091558E-002
  0.16817336738467342     
  0.37451540175988429     
   6.0047547485252276E-002
  0.31678853618940767     
  -3.4683034702117754E-002
  0.28805410030924339     
  0.34112122858137123     
   8.6021470849670045E-002
 -0.10959867553835975     
  0.30874444981729054     
 -0.40646093315731391     
   9.4622908648849077E-002
  0.23446234184692324     
  0.49605998862212081     
 -0.21626808614107090     
  0.24614549667808197     
  0.11297382107113363     
 -0.48720726153853572     
 -0.25361880243527651     
 -0.10448352466683085     
 -0.13160501602739944     
 -0.45123422973020882     
 -0.20610934737321426     
  -1.4931181610011543E-002
 -0.25358730044947786     
 -0.23752827832844284     
  0.28466734843197800     
 -0.12212809762388806     
  -4.7721263949913183E-002
  0.12519243356846657     
  0.27726209749169872     
  -3.6441799766533479E-002
 -0.25407753889513746     
 -0.11347313852817062     
 -0.19086938242474802     
 -0.65603660300657529     
  0.18991333670652316     
  -5.6404427716591446E-002
  0.17224314007483399     
  0.15128535915449284     
 -0.80442190659147428     
   8.4678947105564548E-002
  0.40276942283323669     
 -0.10404541354144585     
  0.31989117391479688     
  0.30147346604570102     
 -0.21703559086034196     
  0.41226249599487980     
 -0.18683210207569018     
  0.43813750698415566     
  0.11814610976974509     
  0.10962090240943255     
  0.33831203182064357     
  0.51637245895937134     
 -0.11033379296829483     
 -0.68049865901783380     
 -0.18510230292057281     
   6.2048945167695928E-002
 -0.48582064319605245     
  -7.4362140284552153E-002
   6.3650162756742373E-002
 -0.30980638393819787     
 -0.46959463035309279     
  0.39359604484691935     
  0.23345782300688189     
   2.7739838696917318E-002
 -0.32620338590648396     
 -0.28188003726681166     
  0.33332463998216894     
   5.7969399695516538E-002
   3.0111435993433475E-003
  0.27592375328626573     
  0.27837126896335984     
 -0.16432248568506214     
 -0.46952559429313756     
 -0.44621799314258526     
  0.29087876489783915     
 -0.47949009823973410     
 -0.11990466569209624     
   3.8481376667018896E-003
 -0.18233584921762150     
  0.25318518962860542     
  -2.8181953826972101E-002
 -0.15592382171987529     
  0.34144930088010278     
  0.24128243066356120     
  0.41861722819218650     
  0.18679117027971159     
  -4.1320470785921069E-002
 -0.26353740282295901     
  0.44331854851008951     
  -1.3741504578914366E-002
 -0.40087430261531948     
  -6.7407346306574953E-002
   9.9911987096128821E-002
 -0.20780985342674418     
 -0.26818405811064355     
  0.41435796306275718     
 -0.25339491108060302     
 -0.37711768756382436     
   8.3472638097190840E-002
  0.36511680166716626     
 -0.35141336515474308     
 -0.52003534125143780     
  0.20515750901176008     
  0.10194681969641316     
 -0.46449742900007296     
 -0.18678656690052906     
  0.13253912804102558     
  0.30951337357063358     
  0.20715517864293667     
 -0.94476820298314079     
  0.10399119244246417     
  0.12645887918126608     
  -6.7910354044941029E-002
 -0.10313683164974510     
  -6.0122222141922345E-002
  -2.3223215121192933E-002
  0.32775485390414155     
 -0.40270845589520082     
  0.68665405103841748     
  0.27141202034212758     
  0.16057297534834761     
   9.6866429314554026E-002
  0.20064950364380182     
  0.23418147808903597     
 -0.30178976871217250     
 -0.46629522897560871     
  0.12054579056328849     
  0.24820762714227204     
 -0.13160793099186796     
  0.53019002524538661     
  0.30248670072409994     
  -3.5624502356552491E-002
  0.41258082297102222     
  -6.1211769073698394E-002
  0.50154196977644760     
 -0.29740986175559742     
  0.52219682772685760     
 -0.47234391360629530     
 -0.19427224338928881     
  0.33915839114673485     
 -0.19393291416742522     
  0.21339374145834289     
 -0.32878885137441238     
 -0.45005917503557885     
  0.34287621826798786     
   7.5174773513032547E-002
  0.18769180260477611     
 -0.10631216964964316     
  -4.0615712720036570E-002
  0.35098685501405458     
 -0.17293595907230222     
  -6.5768966035153489E-002
   3.0017422362098721E-002
   4.0305938518891846E-002
 -0.28082608710861129     
  0.30467150664282650     
 -0.18383452298585404     
  -6.2894824778879893E-002
 -0.41448053724792217     
  0.35826825748753033     
 -0.31629363402502958     
   3.4850398846131045E-002
  0.37129822935662454     
  0.38301252990401935     
  0.29963590342040530     
 -0.44453648504132631     
  0.27031554232390542     
  0.39519431985898540     
  -5.3572953263568784E-002
 -0.46322942429628755     
 -0.15812453023161718     
 -0.21550365496157792     
  -2.1744069699992652E-002
 -0.22279695494767182     
  0.16951954085588067     
  -7.6015754241606726E-002
  0.37169871999331189     
  0.34191474266755978     
  0.20988749862095857     
  0.33049720206650196     
  -8.9715489749409932E-002
  -2.5475885894226981E-003
  0.16104284656325335     
 -0.42337443723327906     
 -0.48676314087157152     
 -0.28756724200826078     
  0.25407971508219229     
 -0.14092804061136033     
 -0.29895056749499505     
 -0.29656400777631908     
  0.19633576988501800     
  0.10682786265505984     
  -2.8507914156157943E-002
  -1.6732036936204175E-002
  -1.1749302933733965E-002
  0.22098162551986050     
  0.10157244904120012     
  0.33985507651076929     
 -0.20835346029366211     
 -0.43724674533077429     
 -0.15876517631639825     
  0.35169163790105007     
 -0.25313779476943499     
 -0.11625745646279835     
  -3.2061092611523456E-002
 -0.18980661009300931     
 -0.15367942042989910     
  0.43774495491121374     
  0.33760877747186380     
  0.12505077747420504     
 -0.12173378376967747     
  0.53628714981984849     
 -0.11363931929383540     
 -0.27817548790761037     
  -8.5226992076742156E-002
  0.32467117551788927     
  0.29838774990019895     
 -0.63822672511961531     
  0.32527726601994461     
  -5.8644673282571280E-002
 -0.54752962251252602     
 -0.48031891062377752     
 -0.28297955994586943     
 -0.22188169345966971     
  0.30172228922806266     
   1.0760050302635762E-002
 -0.23551334206686736     
  0.42231482797796538     
 -0.23620137990694437     
 -0.42246803286933177     
 -0.11925376621281307     
  0.47454969422421134     
 -0.41045978521034837     
 -0.29860391017964905     
   1.3193752687956804E-002
 -0.25515404088890975     
 -0.48745460816861441     
 -0.53802370061333160     
 -0.30369200076038921     
  0.11560463514653599     
  0.12194458804979340     
   4.4743774935426174E-002
  0.13385603389329331     
  -2.2180579834163498E-002
  0.45705345426222332     
  0.28388371294219411     
 -0.22842574241974362     
  0.34028222080993781     
  0.14145401227519305     
  0.14073755209374816     
  0.51849431639123589     
  0.47395084633464257     
  -2.9895489851200715E-002
 -0.23523931825894076     
 -0.13645805954202617     
 -0.59083461253623670     
  -3.7881305777629853E-002
 -0.48672416943613506     
  -6.6125302624530341E-002
 -0.55860536634794700     
  -2.5585731325659351E-002
  0.17376031499612504     
 -0.16568815626806044     
  0.22508664788676463     
 -0.22091344368788507     
  -4.4619148277722932E-002
  0.12746911076076375     
 -0.32001336306455291     
  0.21401448996639250     
  -2.9145765941687860E-002
  0.24049103561060625     
  0.19606773469144381     
 -0.38584730238899229     
   6.5460411981665481E-003
 -0.23051891646944278     
  0.22498227311179778     
  -2.3960044353517167E-002
 -0.12533447940763875     
 -0.17479648316334029     
  0.50680991541407205     
 -0.28988877511651961     
 -0.48582718551541687     
  0.30673836084796380     
  -3.2058711056657509E-002
   9.6527124544260573E-002
  -4.2671806348179107E-003
 -0.30428970531770516     
  0.41399182269189333     
 -0.41534458516000744     
   1.1107135136176303E-003
 -0.49114066520322658     
 -0.42106301934156981     
  -5.9369208891594520E-002
  0.48650210464328048     
  0.38299827283027765     
  0.44197187606682675     
  0.35374837407997084     
  -1.9785831938759275E-002
 -0.35981627092079038     
  -5.5982987438751852E-002
  0.18994313319629952     
  -8.7927818307369621E-002
 -0.20651976600590505     
  0.36225669044315945     
 -0.14279565592946319     
  0.30046527494922737     
  0.30186095840766247     
   6.0100097945727522E-002
  0.29424880144831522     
   9.9185434817557386E-002
 -0.22516002930362788     
 -0.41210881502958308     
   8.4369776285857706E-002
 -0.11801821709609549     
   1.1224691268488789E-002
  -2.3102081743663069E-002
  0.29354381758983861     
  0.24237613899533886     
  0.44333027239605921     
   3.2956039545676136E-002
   2.6213242726666464E-004
  -6.6244305648991017E-002
 -0.10230177299056720     
   4.7025396914486803E-002
 -0.10503714052280663     
 -0.13760040525673842     
 -0.34681192686674700     
 -0.50730129524979195     
 -0.23887760490800092     
 -0.64769065000505865     
  0.16636767495560525     
  0.25978637477532324     
 -0.48921634680234771     
 -0.56018819659634267     
  -6.7065184410824569E-002
  0.32091480073164685     
 -0.53825344695940214     
 -0.87659080753087093     
   3.6057182174312259E-002
 -0.32229413658919898     
  0.17383053960900963     
 -0.49295446218998346     
  0.48067939771550866     
 -0.27964622651767168     
 -0.59615190076524038     
 -0.91968715280557078     
  0.46134156602085380     
  0.34196728671098675     
 -0.41908318658036803     
 -0.41304600118754714     
  0.19643870408935349     
 -0.63804283890058733     
 -0.14134546941695492     
 -0.38185667842098270     
 -0.25491321706349612     
  0.19074305986813314     
  -2.7594057415915318E-002
 -0.84152843742063332     
   6.4546570141105569E-002
 -0.48933040850208936     
  0.22617052000960300     
 -0.12371573286051790     
  -8.6524105042948274E-002
 -0.31781894110630526     
  -8.7201484720083502E-002
  0.17030320481047873     
  0.20112303757082653     
   8.1886533868230360E-002
  0.36710511084741998     
  0.41150062963845080     
  0.28038798425153105     
  -1.8180726787045163E-002
  0.16061613436190394     
  -8.7141199569925429E-002
  -6.2558702120226808E-002
  -4.7099060364254618E-002
  0.10155133232991226     
  0.18345115337955897     
  -2.7261969458813253E-003
 -0.39072872938820380     
  -7.5283761449273665E-002
  0.24932862594243485     
  0.20127460500467079     
 -0.19884616432465876     
 -0.23110497955245868     
  0.11816023249703736     
  0.40914684893813719     
  0.57278974137575633     
   4.5544086702318694E-002
 -0.42115124512002067     
   5.6224907703387374E-002
  0.14753742688676208     
 -0.55442472691694178     
  0.13702629436844657     
  0.28155925722949104     
  0.54852078906830248     
 -0.43050679818665261     
 -0.12822520359613862     
  0.47288557379022417     
  0.23325755709512636     
 -0.36465695617230298     
 -0.41839215689569353     
  0.49272468010834669     
   4.9829023529103199E-002
   3.2179200089807562E-002
   1.4277683487794141E-002
 -0.31143055256309715     
 -0.28611522651057181     
  0.38891442710033747     
  0.14956290312874768     
   3.7315545087833968E-002
  0.20610594323293741     
  0.13962979139419673     
 -0.13941234164752414     
 -0.17233623787708907     
 -0.21362345675613681     
   1.0209002524025013E-002
 -0.39808948821136991     
  0.44170753294911819     
 -0.23905341783813078     
 -0.15479003604010813     
  0.19734875431844412     
 -0.47342130445461211     
 -0.27555564332318405     
 -0.34173104756893735     
  0.53756228012320217     
  0.21763154574845331     
  0.15413426153145149     
   6.5174250377398893E-002
  0.13455945647768977     
  0.62730775714418885     
 -0.30219652486535936     
 -0.40851995494324173     
  0.31505056027592271     
  0.76124470345029172     
  0.30769165031218926     
 -0.28008800573329556     
 -0.29519412176584825     
 -0.12903036176179616     
   6.3002112527946755E-002
 -0.43755750953450839     
  0.23932747761515338     
  0.82715045565578094     
  0.46476206595353020     
 -0.33093756112242356     
 -0.93156229033038784     
  0.45516474763718839     
  0.43314210361069633     
  0.22251813396575451     
 -0.77659100861037977     
  0.64280043582950175     
  0.21404030191301959     
 -0.24539813248042175     
 -0.49823028106935235     
 -0.11592026608260594     
  0.24743909983072399     
  -4.6451048065347680E-002
 -0.73674297083415607     
   9.8114959384938139E-002
  0.30429379984869548     
 -0.27168556482320400     
 -0.60888562187243689     
 -0.37178580003737371     
  0.27608971175331065     
  0.47880711036664764     
   2.1881022125203038E-003
 -0.11674620857829256     
  0.37359949156954830     
  0.25264683260880794     
 -0.18245297040854810     
   3.7677961598588716E-002
 -0.20317496254186906     
  0.22078247164173589     
 -0.54538586344808460     
 -0.29837194968090724     
 -0.18817003213584998     
  0.12147999139561315     
  -1.4097393385992764E-002
 -0.18192225716297714     
 -0.39666966527193426     
  0.23761740402464138     
 -0.30535923081073429     
 -0.27982549183646876     
  -9.6870642298084453E-004
 -0.19137585634412083     
  0.22990904858323993     
 -0.31042377451335895     
   6.0151358538276155E-002
 -0.36473783479292649     
   9.1188384908156811E-002
  0.25075368739770348     
   8.0850821281410010E-002
 -0.25640802763459924     
  0.16480896893764796     
   6.2577139063708820E-002
  0.51609292187534672     
 -0.28788668862066807     
   5.3690978005798078E-002
  -2.4106844482229529E-002
  0.19095442273065405     
  0.31766457921320779     
 -0.46530519538583337     
   6.9964388362166646E-002
  0.19793540365532239     
 -0.35496242856068327     
  0.24685284159151996     
  0.50781202005415049     
 -0.25775200292365963     
   5.5401027908773055E-002
  0.33523257960370711     
 -0.18776273097162269     
  0.25738498784807695     
 -0.12756210949198590     
  0.11319088971412425     
 -0.39040243415446918     
  0.45943212816045614     
   7.2968245351635291E-002
  0.24885659447549047     
 -0.25516906573572867     
  0.45628156947601700     
   6.5690604162336047E-003
  0.20501590786844484     
  0.46565514727930368     
 -0.42542933991602372     
  0.37510662065601408     
  0.33211495230750887     
  -4.4957713988845072E-002
  -7.4870515184726094E-002
  -2.2330633146072532E-002
  -4.0894163980686904E-002
 -0.32224922931968464     
 -0.29384663959908752     
  0.10674311349642635     
   1.6790968224519073E-002
   1.8560793157276094E-002
 -0.15540071775265085     
  0.50240536707668870     
  -1.9040502545768473E-002
  0.12113745901113304     
  -4.1672266142249018E-002
  0.47143699552646057     
  0.60798256879119950     
  0.15878414224567627     
  0.28919467233408425     
   5.2286256760662432E-002
 -0.27757577582799192     
  -2.0762699683275126E-002
  -2.1296798678329825E-002
 -0.21278530963671280     
  0.49978645242334435     
  -2.5634013460472449E-002
  -3.6025441322567582E-002
 -0.50561933078123089     
   9.2727420536186766E-002
  0.87965347127476479     
 -0.32293688176565905     
 -0.13838007480453232     
  0.34637762761315888     
  0.82512760701798993     
  0.49762403085720652     
  0.26534161039810422     
 -0.22543696178786052     
  0.54760789195477677     
 -0.14388407990233362     
 -0.20951605972227089     
  -6.9676322436789367E-002
  0.86497284171220756     
  0.29661790535320542     
 -0.44899788129824847     
 -0.15239846697281065     
  0.72259110510900737     
   2.1193587437022231E-002
  0.43155680990827860     
  0.16976808294947737     
   1.6927140211717671E-002
  -3.7367506240899961E-002
  -7.1509863899105630E-002
   1.7472488167613806E-002
  0.50478863100657767     
 -0.18899292714070967     
  0.33825783937916165     
 -0.37420263839661277     
  0.55298663434943496     
  0.45930425582184459     
 -0.37325401596897684     
 -0.36857873918897660     
  0.35753959278059899     
  -8.0222625141028070E-002
 -0.48506447677816555     
 -0.15756783509499919     
  0.40695996607434021     
 -0.21283643505780814     
  0.26221734439624661     
  0.24652597241993821     
 -0.24747769170053993     
 -0.22316657993893407     
 -0.30894033916144142     
  -1.4481694862275074E-002
  0.14719838740587365     
  0.54621839254875226     
   4.4735125838055383E-002
 -0.10742398172334561     
 -0.10207039860992569     
 -0.16615931479119556     
  0.30565074795025465     
  0.40937990643549127     
 -0.28065413447547760     
   7.1442273036914944E-002
  -7.8231322571914161E-002
  0.26518489139990348     
 -0.43764647592751760     
  0.57811607290707312     
  0.19999250714852285     
   3.1194867329352588E-003
  0.28236968116042832     
  0.54008586926684088     
 -0.23409800453897389     
 -0.32782512046371126     
   6.7117420206688885E-002
  0.25381112505033565     
  -2.4466982866979427E-002
  0.38308262481911814     
  -1.8365437651296394E-002
  -5.4117216101726769E-002
  0.35013497032976454     
  0.35340550086906430     
 -0.28724604043934837     
  0.29147138179457960     
 -0.21111482821803090     
 -0.15820688983330827     
  0.12054463028955867     
  0.35132000478329911     
  -3.2888038977479987E-002
 -0.27868458049420763     
  0.26279043045327444     
 -0.15348009817375929     
 -0.44144689471617082     
  0.34038917769443855     
  0.15998062685899495     
  0.11977438088800085     
 -0.27714980138429568     
 -0.21384277751061442     
  0.36362431847238702     
  0.34353224841430552     
 -0.14350456229655278     
 -0.46140777522541682     
 -0.45584532738754446     
 -0.37146399175868966     
  0.30250503320569927     
   6.8650389637489553E-002
  0.20496433327064623     
  0.17527912561257508     
  0.54308227309450730     
 -0.22006533009215598     
  -8.1222906910692755E-002
  0.15440718306930115     
 -0.36899240414547874     
  0.25810146620744912     
  0.47267899207454611     
 -0.22413819023706050     
 -0.49079751327230398     
  0.45771264999037492     
  0.25469768869936882     
  0.40528263502121209     
   5.9094522242677458E-002
  0.28645033839211526     
   2.7062938170626952E-002
  0.44432401773141900     
  -8.4213088652730153E-002
  0.52755673116211443     
  0.75451349832507697     
  -3.7122095962429866E-002
 -0.13699225053992595     
   3.4435905056266369E-002
  0.27356351980816596     
 -0.35361657155783799     
  0.45583480583932218     
  0.37585720591475663     
  0.48463460730254143     
 -0.32642052753381279     
 -0.29628311483894393     
   2.7962823986633606E-002
  0.46481631679921609     
  0.11818672906263006     
  0.31509780543698124     
   3.9536331312620493E-002
  0.45288404713842617     
 -0.10297779071457809     
 -0.38649517647438925     
  0.37668315365183980     
  0.40260214269953520     
  0.18256173352662028     
  0.50358466820787340     
  0.16067012599084726     
   1.4155039978224536E-002
  0.51715811340463003     
  0.35920509194681899     
 -0.42588079180024202     
  0.53917047839063681     
  0.41581313743889492     
 -0.37364518392119439     
 -0.57023638245908426     
  0.11077931879354698     
  0.15458168603348910     
 -0.32966773081542472     
  0.23966031832968201     
 -0.20324629366041580     
 -0.21077605938085198     
 -0.51453798624538782     
 -0.34715988509913959     
 -0.26181890429399846     
  0.28512181137768222     
 -0.41457346702987596     
   8.1810467311114382E-002
   4.5849926662610778E-002
  0.45926730244484931     
   1.6352724736502074E-002
  0.21564436386077634     
 -0.13189257808197616     
 -0.17188812001691994     
 -0.25534875541913066     
 -0.15009298540771651     
   1.3305366771333330E-002
  -7.1913695184047582E-002
  0.38328318687345148     
  0.17619023142016127     
 -0.24865994044417600     
  0.52875209205445639     
  0.40839363445913746     
 -0.30430234210478102     
  0.56958767849734782     
 -0.40758051205991114     
 -0.38336410914081676     
  -3.4598942743952671E-002
 -0.39042103243941578     
   6.5462935934877037E-002
 -0.45762863765215939     
 -0.12672283573940180     
  0.32393948372321080     
  0.45456139028013665     
 -0.14885753346202557     
 -0.31731305523870829     
 -0.26572262878742026     
 -0.29806031831134072     
  0.49067928215132695     
  0.10653654860847783     
 -0.10007346956159635     
  0.39835886873076232     
  0.49559186009689482     
   4.8000309585517820E-002
  0.39400503584293378     
 -0.36780802783222943     
  0.37715554715802446     
  0.21023952881351393     
   4.8974986538609960E-002
  0.17237389712911924     
 -0.30680963691392060     
 -0.31932826220361171     
  0.21122128772047841     
 -0.44522039448838174     
 -0.38528468940037980     
  -4.7380697724069484E-002
 -0.13045053639974849     
 -0.47313544810053981     
  -8.9462328573919350E-002
 -0.27478722185513121     
  0.12562728539337742     
  0.30333663933135852     
 -0.53134169437857859     
 -0.32945015277504081     
 -0.21207945207793916     
 -0.11258249489204485     
  0.34355468169689435     
 -0.26482601548149765     
  0.53546172988623308     
   2.9582682658572973E-002
 -0.28148175088675481     
   4.7135518669317381E-002
  0.30787864206078674     
   4.8602645912148593E-002
 -0.20254176325822285     
  -5.6237004352558836E-002
  0.29824229857247664     
 -0.17012098903879430     
 -0.15761389466335451     
  0.31578515930062739     
  0.13147147886638139     
  0.38089522805362863     
 -0.19364119608982641     
  0.23052273666686582     
  0.12759189986108663     
  0.43623887660329541     
 -0.55674533734103826     
  0.60269871022208321     
  0.27962672962172952     
  0.14284912513374912     
  0.20922508107763341     
  0.55567903457537993     
  0.34347127061371202     
  -4.5344579384953100E-002
 -0.19010409225565078     
 -0.30930296978835231     
 -0.28069864998097033     
   7.6999055509784975E-002
 -0.20135109668249537     
  0.12917110526500472     
 -0.32472691186487268     
  -9.7288436640258751E-003
 -0.19852568952503064     
  0.19661760363393554     
 -0.14142564660688295     
  0.11654622897384380     
  0.53176703621091959     
 -0.44327613216842082     
  0.46312308223881127     
  0.17881915270889737     
  -3.8250532893601245E-002
 -0.48405587004003131     
  0.30777012445366769     
  0.52614841955635183     
  0.21002954259490023     
 -0.23621248319317681     
 -0.17904371053929591     
  0.46390462220997397     
  0.11097822803248866     
 -0.25263314098798689     
 -0.42334655445385572     
  -2.4551698638909374E-002
 -0.33563735518642102     
 -0.34276733869982495     
  0.24722308519743164     
 -0.22485149042132502     
  0.29668147056751221     
  0.17159480976409339     
   8.3393900891266262E-002
  0.41777438797914734     
  0.19230591446567699     
 -0.50370922878933666     
  0.48286943219794515     
  0.23316444466712416     
 -0.15418865429241249     
  0.26249396604480774     
  0.37035511815402172     
  0.41280115929595035     
  0.13334243684692010     
 -0.11172022652994569     
 -0.25460699878332410     
  0.44132780934252108     
  0.13794870895532291     
  0.14208172752411016     
  0.48249377813814875     
  0.22446793741379237     
  0.36443319635736765     
  -7.3706505348424434E-002
 -0.17327932704515536     
  0.47480282588625078     
  0.48251392485581246     
   6.3005634829935708E-002
  0.37524843387718820     
  0.14279568713884916     
  0.33145112531398901     
  0.41184562855727569     
 -0.28477224198679807     
  -4.2646341682307187E-002
 -0.29555520423643311     
  0.29223528870063953     
 -0.18295096991203730     
  0.33332557311984790     
 -0.47572583299794080     
  0.14768784531809026     
  0.42501797369949967     
  0.12695009070810104     
 -0.20836953453633258     
  0.10959694845796854     
  0.29820785309422621     
 -0.21214543605998851     
  0.30633309174897005     
  -8.1983757552358455E-002
 -0.26069995245676386     
   7.1801032367149020E-002
  0.22767747281233514     
 -0.32655095185661559     
  -6.2616292395286766E-002
  0.32845087275291968     
  0.33282208167826055     
   7.7873786774735554E-002
 -0.18852552225154959     
  0.14717411360151969     
  0.25943520112451735     
  0.19407071581288252     
 -0.46582581618931562     
 -0.27341746628963676     
 -0.47263692202704655     
 -0.34495501344184820     
 -0.67041358030681764     
   5.5612811788816517E-002
  -2.3502124821491749E-002
  0.25961650289557930     
  0.18190636785356121     
   7.2279131647276854E-002
  -6.5821000427987997E-002
  0.43343009636554380     
   5.7692576715678068E-002
  0.36477298272252229     
  0.32893217075455700     
 -0.22747266575381209     
  0.16019508633170157     
 -0.16018505809258005     
  0.19462113371104653     
 -0.30136886388818818     
  -2.2663487613871405E-002
 -0.12716695668775677     
  0.50896239965979717     
  -6.8159737582102836E-002
  0.13916197484538248     
  -5.4103695128320396E-002
 -0.25411208012173020     
 -0.13923896192500154     
 -0.14625192637387832     
  0.28684533142190954     
  0.47666064123520552     
  0.40632999996042940     
 -0.53204447594444870     
   5.7013598294207254E-002
  0.60200565903902303     
 -0.18675677371289073     
 -0.29962466516637021     
   6.9386878550227168E-002
  0.48385367573373250     
 -0.60621785896030822     
  0.23221966177989883     
  0.65333126559021248     
 -0.38776485890120438     
 -0.41517411612340044     
 -0.33234204251130239     
   9.1684360494184852E-002
  0.37743451316169047     
  -7.8112168789268854E-002
 -0.46038059135383819     
  0.38663695236871848     
 -0.13294732523671235     
 -0.24841655273687194     
 -0.26883578792530977     
  0.22525265874325687     
  0.15630277254963348     
  0.29013580901582781     
  0.30254705353104921     
 -0.13825323793351010     
 -0.49959365780191872     
  -4.0215364421892927E-002
 -0.25560628163814292     
 -0.22374045233914799     
 -0.32851016914576958     
  0.41754362706950049     
  -5.0956901724663647E-002
  0.14804457899825310     
  0.42978382681039129     
 -0.13619555050249377     
  0.44927230587835892     
  0.43213728439699833     
  0.38421040644776377     
   6.2682182125905943E-003
  0.23146705796066600     
 -0.18975624663883708     
  0.32261383994537662     
 -0.45263259897379537     
  -2.7804658970944862E-002
   9.7490567213466828E-002
 -0.47971731172037135     
  0.18944061845810600     
  0.45356558061437291     
   9.4845478933459515E-002
 -0.43084106661924015     
  0.35181513874977721     
 -0.41198078416653239     
  0.30494347852232140     
  0.16993380572786809     
  0.37780489855350363     
 -0.49161769383043075     
  -7.3237612428017018E-002
 -0.25629676027998949     
 -0.15428652523164504     
  0.33770510008467775     
 -0.31233868083775540     
 -0.24453432858342197     
  -7.3996000769616890E-002
  0.27225350917435098     
  0.27420194027237693     
 -0.27937783279466971     
 -0.13122392632031118     
 -0.44595320292123725     
  0.34581334356387738     
 -0.17350320407236153     
 -0.17355907082960864     
  0.19250131296324527     
 -0.45420534264034157     
  0.33309471860476642     
   3.0750535106799027E-002
 -0.25601162723778781     
 -0.22363642987013393     
 -0.35907086322674375     
  0.22431912359107370     
 -0.24765558362344592     
 -0.29947022026993625     
 -0.19283714413658545     
 -0.13516493444461083     
 -0.29956553148201320     
  0.42293007964265944     
  0.28334574339724444     
  0.39209698201859350     
  -5.4130661945304234E-002
   7.3766177283997023E-002
  0.15422625632610498     
 -0.25127538536810023     
 -0.62352957933295050     
  0.13065847339736961     
 -0.23375163198166451     
  0.15748833270756507     
  0.13177294416045388     
  0.57317734833209977     
 -0.11292249010788181     
 -0.22888968615872424     
  -5.5612473961238071E-002
  0.15190578247997072     
  -9.5242995956481918E-002
 -0.12094323939950601     
  -1.2077545211536934E-002
  0.23737729985342498     
  0.30562484403041129     
   5.0262058506625081E-002
   9.9141391572130880E-002
  0.36440539651603215     
 -0.16586079663353440     
  0.20901412268945951     
  0.29381697893833697     
 -0.10879142994788502     
  -4.4296052698451771E-002
 -0.31840223614252933     
 -0.20158785895118536     
  0.61929192947794531     
  -9.5907149825660148E-003
  0.13520254588418046     
  0.44827057075555471     
 -0.15906569691390052     
 -0.21702179783192418     
  0.22013458413351672     
  0.16247812134221970     
   1.2519681926439310E-002
 -0.20122265564395442     
 -0.55929946089476534     
 -0.10110897551239985     
  -1.5177957419692082E-002
 -0.16512024323176441     
   9.6075321317742227E-002
 -0.32273738019702375     
  0.48749671664936195     
  0.25470583163030891     
  0.38727574971194856     
  0.20144996844452612     
 -0.30411685624809537     
  0.35196777669907670     
   1.2730468785700420E-002
  0.41893648542693190     
  0.32856290194908061     
 -0.14198504507008153     
 -0.48227451229360296     
  -3.1659083081015525E-002
 -0.11399460607216601     
  0.10506829308868329     
 -0.36112492560637932     
  -1.4750118320516351E-002
 -0.20254877321425541     
  0.18953689492872419     
 -0.26647959504654611     
 -0.29491016844005247     
  0.38430796099710857     
 -0.16141507629658075     
 -0.36062904104307986     
  0.12964921192134560     
  0.29062164222691012     
  0.32631450629121550     
  0.32590467667573908     
  0.13711137735856271     
  -8.1551147808249125E-002
 -0.15327517321522854     
 -0.42176828525514143     
  0.39930986947052072     
 -0.48986183583615461     
  0.33534277291799830     
   6.2949782324371428E-002
  0.32706709532480394     
 -0.30364930306799953     
 -0.37001050822110759     
  -1.9116221003575018E-002
 -0.19027359127710083     
 -0.48456140330811653     
  0.40475885021711533     
  0.46254683444145467     
 -0.22853731031466631     
  0.23713429798786623     
  0.23188524186147119     
  0.38963493056774434     
  0.31341138231097576     
  0.39192771964377277     
  0.17765549323821728     
  0.43883034560543971     
 -0.10342092190602147     
  0.24507535760350763     
 -0.27602713038976034     
   5.9905695655941248E-002
   1.5055690901761410E-002
 -0.19321916666120023     
 -0.16502176369925234     
  0.91817304792649723     
 -0.28088176675613674     
 -0.12581656100046229     
 -0.10492416812174091     
  0.10328695008584428     
  0.20113895820230190     
 -0.23294913809462373     
  0.20452257336219529     
  0.14273349670587787     
   6.4191244212369936E-002
  0.29122228979893422     
  -3.6079040098862349E-002
 -0.13994773009015188     
 -0.65772156923785396     
   2.3935649707235739E-002
 -0.47734063693093093     
  0.13729060774399662     
   2.3989707352318066E-002
 -0.31755956665730567     
 -0.25550813043209669     
 -0.15052409694990990     
 -0.16587822334486896     
 -0.29950710316731577     
 -0.12604681997853298     
 -0.26469857296949167     
  0.18420174705665662     
  0.17835072190351819     
  -2.3576972271152793E-002
 -0.12697263947110357     
  0.28652171625631295     
 -0.30063928057019035     
  0.53650760246679019     
 -0.55383096208637939     
  0.19491364360025698     
 -0.31473712598880177     
  0.35694499962081538     
 -0.11778066909287453     
   3.5945631228406619E-002
  0.29116665230631783     
   3.4022916122865260E-002
 -0.22548858274463218     
  -6.1943107256163386E-002
   4.1206659190100255E-002
  0.14475142598973531     
 -0.23156385313792052     
  0.34943338876054530     
  0.36651190360700703     
 -0.38971397958157378     
 -0.24820155105148003     
 -0.19671420540301265     
 -0.10767794941063044     
  0.51258580967562339     
 -0.49749519451815938     
  0.36429152802361353     
  0.18842870314613569     
  0.53607205774036737     
  0.17859475818176329     
  0.18573517745504450     
   3.4731681976848512E-002
  0.43729281109665752     
 -0.41459586879530347     
 -0.33953120723052749     
 -0.30047314095125388     
  0.47867491405194224     
  0.26061739978256881     
 -0.16353761882488974     
  0.10519993379926085     
  0.38886309446761974     
  0.32647075519390145     
  -8.9287483782337529E-002
 -0.39591692868906525     
  -8.6802742372199759E-002
 -0.26598499520724195     
  0.24405838873764496     
  -3.9448717466732508E-002
 -0.49435843235775845     
  0.11544883409467355     
  0.27250075203501467     
  0.43329411719517230     
  0.21947373401051529     
  0.31031940588501916     
 -0.34717722544291096     
  -4.0178754121444227E-002
  0.31136818828024337     
 -0.12384586980875145     
  0.39100426519475429     
  0.35657217109433337     
 -0.21157516010822452     
  0.45904906823546621     
  0.19405413146788553     
 -0.40810332176324116     
 -0.32257343132988137     
  -4.0446753109105060E-002
  0.27881764935933101     
  0.31987907482807498     
  0.20079713043016084     
  0.31783776919049056     
 -0.43965755809909179     
 -0.34198485691474523     
  0.28491615856760633     
  0.17136648854379960     
 -0.40038886323205580     
  -4.4342322935276637E-002
  -1.3114937195225088E-002
   7.1447569101953642E-002
  0.28981234208936868     
  0.18405181309835139     
  0.53067295530640213     
  -1.2384296910418768E-003
   2.8829515747616569E-002
  -5.2934123503149185E-003
  -5.2164550808978950E-002
  0.74424535762122257     
   7.8903083244753577E-002
  0.21218435449737374     
 -0.34310006799179477     
   9.6518578896722801E-002
  0.10903513824174463     
 -0.55830984040218135     
  0.19692459227781900     
  0.15860345011142390     
 -0.76263206811952056     
 -0.18610826959635193     
 -0.12363611887472052     
  0.74493924834618641     
 -0.50571116737477650     
   7.2769257442479821E-002
  0.50924654889799958     
  0.50153846808496361     
 -0.55195357584425042     
 -0.47676206321218018     
  -5.5851466469772675E-002
  0.41672910622432208     
 -0.68168966761436034     
  -9.4404681829522205E-002
  0.30387748111168017     
   1.3688947018673256E-002
 -0.59564291445259832     
 -0.12710856229970538     
  -5.5206959986869707E-003
   3.8187797843538249E-002
 -0.31142945501043290     
  0.22567222994142294     
  0.39332594315654124     
  0.44487079443703037     
 -0.22007686866983772     
 -0.30678382381842040     
  0.56450920370741342     
  0.41250374434202175     
 -0.12587891153535222     
  -7.1391840601038856E-002
 -0.23392906914265593     
  0.65110786385055786     
 -0.40462297011034548     
  0.13509516252254050     
  0.41480203265800231     
  0.31312915263785357     
  -6.7480427921650488E-002
 -0.31467167529974227     
  0.35970687378039917     
 -0.27198465721369158     
 -0.16151127055451694     
 -0.18353609503832047     
   5.3460043745563596E-002
 -0.33530919525065328     
 -0.40205505828321370     
 -0.31473848070939447     
  0.36088408323705523     
  -1.6659248604913624E-002
  -7.6337737080348439E-002
  0.12000494231921068     
  0.48039244105615686     
  -7.0782912012653965E-002
 -0.12133326419419410     
  0.35486980435590143     
  -6.1844056762742274E-002
  0.32370616942922220     
 -0.49140233661287208     
 -0.13128532679076618     
  0.32548752653310420     
 -0.25682890595412289     
 -0.14453625003926618     
 -0.34502332872160912     
 -0.33199850119685503     
 -0.42782729543620701     
 -0.10408429701938038     
 -0.46067703797263571     
 -0.28948212664004169     
 -0.42203253936870455     
  0.47934115702963942     
 -0.38879600799089420     
 -0.48986963036066411     
  0.36525540086439812     
  0.45657246174716593     
  0.25871476535723703     
  0.32886759704947022     
  0.21004824210145423     
  0.20944474566513560     
   2.5255791898355806E-002
   7.9449422688248839E-002
 -0.16896645166757807     
  0.44607606376038356     
 -0.33571130005092276     
  0.10625444067479117     
  0.27961075220331888     
   6.1999306466890711E-005
 -0.35807323734302199     
 -0.45684665649001038     
  -8.0864646668879464E-002
  0.17964662771103276     
  0.40552901975302119     
 -0.15818642905012814     
 -0.20205331598546461     
 -0.38615657164701284     
  -2.2607492359550344E-002
 -0.23060055793707271     
  -2.6050470772329120E-002
 -0.42934297244522551     
 -0.30655967660487049     
 -0.39564815938371373     
  0.33223480017844148     
 -0.37919488327625422     
 -0.24926437384109534     
  0.25151467607608347     
 -0.23105326411700208     
 -0.15312719309951642     
  0.21696827427338616     
 -0.25141092662974995     
  0.21559821227216114     
 -0.39773427286864577     
 -0.56256685506199944     
  0.29540176855866329     
  0.19155027468365030     
  -6.7251925865520368E-002
 -0.35315329860074307     
 -0.28745227279683100     
  0.22369812520167062     
  -5.0855954017251515E-002
  0.41353386979790274     
 -0.14738666347514959     
  0.24154506114607041     
 -0.53420303856405293     
 -0.34462183684039543     
 -0.31187343537819567     
 -0.34957565815940461     
 -0.48861970696654095     
  0.32989070209183058     
  0.45262109413930784     
 -0.17511709834135192     
 -0.55677283342108730     
  -1.2039371343063553E-002
  0.22704218301317478     
  -5.2179730611763765E-002
 -0.48564042261925200     
 -0.26615177458283873     
 -0.29686898561101538     
  0.29567321845625083     
 -0.22456354554797453     
  0.35138966422647905     
 -0.13143357680336348     
   6.6244124118137640E-002
 -0.32596580809094244     
 -0.30848289734800094     
   7.1077668951507661E-002
 -0.10823544317562510     
  0.31405217965604015     
 -0.19014053271722184     
  0.39794058241410674     
  0.42746233957493829     
  0.31502388886586780     
 -0.29929737955605801     
 -0.12804660625651326     
   5.3410894260825896E-002
  0.12561999106720667     
 -0.21126191046134057     
  -6.1449193474080177E-002
  0.15853636260095846     
 -0.46913285870907240     
  0.39093281441077088     
 -0.37357854569190424     
  0.34681314180520934     
 -0.29566290231853926     
  0.10470791913956515     
 -0.19554685909079864     
 -0.42892314986696861     
  0.29564361534193540     
  0.33111198791683649     
   7.4025461754387609E-002
  -6.4655743805306087E-002
  -3.5151822491494289E-002
  0.15367467044031524     
  -5.1795804565899495E-003
 -0.14087218499394427     
 -0.10740783571529910     
 -0.14234328811365626     
  -4.9426957953971007E-002
   6.8740136232125049E-002
 -0.16719671732975672     
  0.33144354848695112     
   6.8502513779576057E-002
 -0.20986208750546709     
  0.15356675772875461     
 -0.31848508073061699     
  0.19597696489746796     
   4.8812086905272056E-002
 -0.18941804733536372     
   4.8806588056210520E-002
  0.22658866035306768     
  0.32534064245994954     
 -0.17302317233636066     
  0.48944735201195222     
  0.35615082207403459     
  0.25827526427309522     
   1.1522152147514286E-002
   8.7728100884821636E-002
 -0.23024809447945271     
 -0.18901931513888703     
 -0.17115478156781483     
  0.32209679139745284     
  0.13069795991563293     
  0.15485805539851938     
 -0.23629447119197855     
 -0.27022642767091476     
  0.17126259458309923     
  -5.2316607014673222E-002
 -0.38378129250855292     
 -0.46129137756174016     
 -0.31377319817136101     
   1.2993876383164833E-002
 -0.35057640195931011     
   1.9261945703472561E-002
  0.43051021700893310     
  0.38493984488566690     
   3.0370663875223840E-002
  0.27845666672138331     
  0.25530577309762914     
 -0.41212741379959211     
  0.38869043142667298     
   5.7014691645789699E-002
   4.7885612175810707E-002
  0.37239753453070196     
 -0.17965907982129997     
 -0.23071124807099971     
   9.0212933785673077E-002
 -0.40059725529389928     
  0.25162598356591753     
 -0.31600602161090413     
 -0.44642082682965006     
  0.15254953930116436     
 -0.41355859290218355     
  0.22371965635155094     
  0.20705334945838258     
 -0.36782361078015252     
 -0.20792269530132984     
 -0.31084931779328828     
  0.37393937974782021     
  0.45632580801322048     
  -7.9379832383239160E-002
   1.8969765186495180E-002
  0.39353346588004684     
 -0.21646987087640449     
  0.27441068203397923     
  -5.4797873909010017E-002
 -0.32274903325918680     
  0.22325146614798486     
   7.3657339470145439E-002
  0.25619801365982942     
  0.47891500840803541     
 -0.18269411675207217     
  0.38784017785223424     
 -0.41317266221905563     
  0.24169311997138701     
 -0.41430506721194688     
  -7.2924947210414029E-003
  0.19936602773482298     
 -0.28235796053420964     
   1.2926345088616027E-002
 -0.44085437561454188     
  -3.2284088587369114E-002
  0.48839160327676234     
 -0.38561753426564538     
   1.3271267129463542E-002
   1.5652851327546926E-002
  -1.4701326711970816E-002
 -0.12821188603523256     
  0.32780082514820119     
 -0.36509197568709850     
  0.39992226588033869     
 -0.22846101124185969     
 -0.37239628346714893     
 -0.32546752946413254     
 -0.22578705659598858     
  0.30902335024852956     
 -0.19548045234206401     
   2.9370102810732327E-002
  0.50481050316151033     
 -0.10653981669975229     
  0.19698833568690255     
  0.28637495848615413     
 -0.25592808004947842     
 -0.30987197960862034     
  0.39255652227085402     
  0.35687723810097471     
  0.15456811060310605     
  0.13830119462291257     
 -0.31970399268794869     
 -0.29359938853325052     
  0.12781256607280855     
 -0.16952576167256483     
  0.49042347730085611     
 -0.34263797394200801     
  0.11867368937853884     
  0.17226912783868431     
 -0.22329088672499775     
   3.5398267491093538E-003
  -9.7061451515327080E-002
 -0.28686126940396361     
   3.4844665360554597E-002
 -0.23353167314096343     
  0.14542566949765245     
  0.64559603702735135     
  -3.2313100417743708     
  -2.6994115769678984     
   2.3909439891612339     
   4.4957109322583388     
  0.73594624770875439     
