 -0.26348643520794679     
 -0.45091569897018613     
  0.48125946384873286     
  0.19501841456793190     
  0.20508949796533193     
 -0.29604896364368716     
 -0.21300635072581076     
 -0.37343125160512636     
   4.3394239437717252E-002
 -0.36403367104683715     
 -0.32318680328515548     
 -0.10822037549823926     
  -1.2356622370723103E-002
 -0.39426599447196375     
 -0.29378751674595405     
  0.16783054138080800     
  0.40787550685512408     
  0.34433372297771880     
  0.17532947328831816     
 -0.26613632110288221     
  0.29179028218546177     
  -9.0445090098810965E-002
  -4.2931316925335472E-002
  0.16571892600480320     
 -0.27238060240868245     
  -5.7132124759491698E-002
  0.32154409758295333     
   9.1677218630265123E-002
  0.13549673697209152     
 -0.15132624208889556     
 -0.35778525312404663     
 -0.14422916483720472     
  0.36044408415825469     
  0.32336088619080594     
 -0.12831523656593169     
  0.49392500937302330     
 -0.27381852705165988     
  0.27686472832269637     
 -0.30168818953989696     
  -1.1996856096854303E-002
 -0.15403409107798327     
  0.45111084280118940     
  0.19424911535312150     
  -9.1599862432334089E-002
 -0.45616675419452346     
  0.49000297725501396     
  0.48260799812287802     
  0.40115189145971808     
 -0.33944800995097890     
  0.44891448366027775     
 -0.49177697241345153     
 -0.36774632369577731     
 -0.11838513111335547     
   6.2505758004857581E-002
  -6.3693216363785443E-002
   2.3106451803893369E-002
 -0.42351039144242397     
  0.23834592475310246     
  0.15871923678591660     
 -0.25454438561181647     
  0.23593348694344818     
  0.29778305708036801     
  0.23948990528550540     
 -0.11483614813888043     
 -0.38987495884017587     
  0.36157480314911861     
  0.13287276699692407     
  -9.0305217076963040E-002
 -0.26197047454042943     
   7.3008132020103922E-002
  0.25521920887444982     
  0.43978731255641035     
 -0.13155087005793697     
   3.4990557017577917E-004
 -0.19790352535257838     
  0.28161757411924271     
  0.42606523784813810     
   5.3328699281617542E-002
  -1.0435022564461827E-002
  -7.4032825780847022E-002
 -0.34111718442050687     
 -0.43541542911272091     
 -0.11102333390794616     
 -0.43957486165365389     
 -0.20510027828000199     
  0.23585236424865996     
   9.0652285319856807E-002
 -0.44519473148881794     
 -0.48731783242185500     
 -0.20496507497499195     
  0.13888513650688838     
 -0.27547119458896652     
  0.28558883905441379     
  -2.2251053868212245E-002
 -0.23784799231588694     
 -0.12297523758716866     
 -0.33401437937049283     
 -0.12373392014619911     
  0.18188748987569947     
  0.30341541425824592     
 -0.26472981705633325     
  0.47560504969067663     
  0.36979084559881259     
 -0.10192861279329901     
 -0.45585802271267439     
  0.39098062157769931     
  0.24265594514130384     
  0.12204120576188127     
  0.23027898120081103     
  -4.6158315093388191E-002
  -9.8137569411446579E-002
 -0.13206179539804597     
 -0.46007054383564228     
  -9.4957128381386924E-002
 -0.44972611572404864     
  0.11943869173540789     
 -0.36546520979815666     
 -0.29672171251126644     
  0.45813018945976725     
  -3.7425486376502226E-002
   2.4886053140857567E-002
 -0.48475689988665249     
  0.48131858280928164     
   9.2692442679627396E-002
 -0.43670704849258890     
 -0.21785150744709092     
  0.45896982787642426     
 -0.26697092679120382     
 -0.24575786228543262     
   9.6522807264771027E-002
  0.29410560107757333     
   7.5400764270954546E-002
  0.10404804913655719     
   9.6961420685886424E-002
  0.33480799714526999     
 -0.48376311455071808     
  0.12027800200006189     
 -0.28516073130020070     
  0.33546346824770212     
  0.13209172072348785     
 -0.40278574825214974     
  0.48000684902041091     
  -8.7942582192450880E-002
  -1.7458536141279679E-002
  0.23698032894376653     
  0.12900314051404060     
 -0.32008394248459748     
  0.35021476469018697     
  0.47790973039269413     
 -0.19636676980153223     
 -0.26351956994097769     
  -2.2412544126846012E-002
  0.37163554166581247     
 -0.43822774165309231     
 -0.41808659413623850     
  0.39019113667856553     
 -0.22078798710123859     
  0.45005770665807865     
 -0.34373736953665435     
  0.32568438475841388     
  0.24893180629745115     
  -7.5959019227887947E-002
  -4.7424291074918079E-002
 -0.33604139859331972     
 -0.27565874957852110     
 -0.42072450011518803     
  0.45023956230321382     
 -0.44285949829429461     
  -8.3708202301081780E-002
   4.2539100762634230E-002
   4.8937065755246589E-002
 -0.24663416515534864     
 -0.37855740582120978     
 -0.21496415681241376     
 -0.44095547562559467     
 -0.42221929001216085     
  0.32459338388360037     
  -1.2025546202524162E-002
   1.6127657679395724E-002
  -1.3617758639885236E-002
 -0.37591323832777890     
 -0.49893261831502378     
 -0.29988703826989882     
 -0.37894159191630383     
  0.10531391497518983     
 -0.28728881485621793     
  0.27875181758493661     
 -0.45235822279761928     
  -8.0141830973301520E-003
  0.25060674691971974     
  0.20554878794702658     
  0.26714268802607366     
  -4.8303758432398203E-002
  0.33751813251321894     
 -0.35614641037220129     
  -3.8755218173119999E-002
   8.7692894624348039E-002
   6.4359831727218153E-002
 -0.16124237827344445     
   4.3167665643434106E-002
  0.37007220006968755     
 -0.35565043045697842     
  0.38768663329584396     
 -0.23678687901001561     
 -0.21281627442425843     
  0.10200257092985743     
  0.30727641721900623     
 -0.44891976517949250     
 -0.27141810094988006     
  -2.6996746559760587E-002
  0.42920924912267433     
  0.39402738252145575     
  0.19569653710207346     
  0.18269619381211588     
 -0.32891891270443285     
  0.22427809775763374     
 -0.38058007839214603     
  0.19501568106358602     
  -7.7180793969330419E-002
  -9.8822781605221288E-002
  -7.9284561635971196E-002
 -0.21723684963362233     
  0.16343518508047528     
 -0.28693274344261588     
 -0.22168264479173561     
  -2.1488771758918501E-002
  0.27404268894883077     
  -6.7386553333841359E-003
 -0.45576415484506261     
 -0.24823920994304682     
 -0.47391755430321558     
   2.1855747191889874E-002
  0.47281234741453526     
 -0.22825526818091968     
   8.8380330801912543E-002
  -2.2106277562135124E-002
   9.5086578824742141E-002
   5.0922053148840463E-002
  0.36980436642437553     
 -0.44806640130184827     
  0.46762997234153203     
   6.5360413506651227E-002
 -0.29884550340705707     
 -0.35498338260744522     
   7.8793094691363974E-003
  0.34706016994442102     
   8.1082607635581172E-002
  0.24673493887745945     
 -0.32633264219853775     
 -0.10973935902789056     
 -0.16164816192876408     
  0.38536458044131217     
  0.23563678250421671     
 -0.18374769111989886     
 -0.24419210355809740     
 -0.47836791115539012     
 -0.39798935845599737     
 -0.36883553718941253     
 -0.47188379846690387     
 -0.11758316168445249     
 -0.21499896184165446     
  0.11422524616201479     
   2.3340910616459376E-002
  0.44438879638934226     
  0.38652766283392215     
 -0.16475865553474445     
  0.41010907241824768     
  -7.1159006892958732E-002
  0.47984534348215158     
 -0.42963205801882409     
  -8.5424663858964300E-002
   5.2062081443224550E-002
  0.17083843801666754     
 -0.26591047460019801     
  0.35326269014977141     
  0.28249329460809935     
  0.15892382675823380     
  0.15558778124907580     
  0.31764368093939643     
  0.15927856109480609     
 -0.22550075774792466     
 -0.34129502876793094     
  -7.8962282364562042E-002
  0.42812250438608201     
 -0.13334738737685836     
  0.36002114321743628     
  0.27047468494740012     
  -3.1912993083467178E-003
 -0.20261985612109434     
  0.21107893286876600     
 -0.14575104037938857     
 -0.35550399523526688     
 -0.33780350382427449     
  -4.8852270882887905E-002
  0.31500525256545409     
 -0.33706396203139433     
  0.43981971220085714     
  -4.7958774525763137E-002
  0.40909854228938025     
  -4.5215524168297105E-002
 -0.21535313516144838     
 -0.36932574279991637     
  0.46015044901329638     
  -6.4843292334093139E-002
 -0.47121191239336324     
  -2.0689559579188166E-002
   8.6448009464737741E-002
  -8.1934644127751421E-002
  0.20985300906910453     
  0.36038719988737455     
 -0.27388971911908777     
   8.9317609848770019E-002
 -0.26151441217922777     
  0.27980303510112514     
 -0.31052385230014390     
  0.14685880468373447     
  0.45323344340699734     
 -0.47115162501376684     
  0.17956999298793930     
 -0.31437931529094620     
 -0.46921936663812081     
 -0.27601587866500055     
 -0.23140306696132296     
  0.24260392873155112     
 -0.38813726811591620     
 -0.44673704432335815     
 -0.42734453807798267     
 -0.46266723051591929     
  -8.4181906099293435E-002
 -0.25818081218650268     
  0.27064240248274307     
   2.4654038337902473E-002
  0.25437335222491697     
  0.30412495586828014     
  0.32063885882873622     
   4.1517675218191830E-002
 -0.36632933609437202     
   1.9215564394920337E-002
 -0.28130089480047904     
  0.32040197046882968     
  -6.0425818899577655E-002
 -0.40540565768041581     
 -0.43111940581047892     
  0.19821133414419401     
 -0.17253508946168727     
  0.18483938703305802     
  0.42714017205455723     
  0.49012279924757207     
 -0.41395972407005766     
  0.16850012447086749     
 -0.42466024879623376     
   9.9205357602801247E-002
  0.25123039871339048     
  0.31993536957741681     
  -9.3779738658211528E-002
 -0.45233045703229297     
  0.35746538467249017     
   8.2793653711365170E-002
  0.35013768251689914     
 -0.25650039531952656     
 -0.37703455774667516     
  0.42532513315917142     
 -0.32016825153607542     
   5.1571942970834242E-002
 -0.17610795940955731     
 -0.14429791897185032     
  0.36632884249095354     
  -6.4721595850225369E-002
 -0.27308531286003646     
 -0.28952664497273689     
 -0.30716697789046016     
 -0.47967696969569318     
 -0.49282224057017010     
 -0.18121360531825983     
 -0.44433081499632854     
 -0.20491162838727492     
  0.10189026200710449     
  0.46306389772020878     
  0.44634403403483497     
   5.9650991817296731E-002
  -6.5170537731089037E-002
 -0.18834433794280259     
   2.0396471947247977E-002
  0.27941887131070597     
  0.48939607417954123     
 -0.20031501496625270     
 -0.42363484447515976     
   2.8216940984712946E-002
 -0.14165995225363315     
  0.29802532107914625     
  0.47722464261867403     
 -0.26133574305153606     
 -0.20673842113264551     
 -0.44738831930810641     
  -8.8796306553380333E-002
  0.28437184278007865     
  0.33301782351550935     
  0.15389768113364999     
 -0.49289195097644933     
 -0.49744283260228539     
 -0.41376565496839235     
 -0.13102096061987700     
  0.23363254119171029     
 -0.11029852603313139     
  0.32578147663515522     
  0.47510621773403672     
  -5.9220032153597724E-002
  0.30542038378158143     
  0.10495802327252490     
 -0.14463132475421814     
 -0.36557495193304890     
 -0.40044768183219381     
 -0.42214044381953497     
  0.11882712051824751     
  -8.5282729876879348E-002
 -0.16412799438712788     
  0.10405129393422163     
 -0.34129407588724137     
  0.31110311483259379     
 -0.48004898957846565     
 -0.24562048647312917     
 -0.27081520507703638     
 -0.47934087076091514     
  0.42980015032116647     
  0.33308167824654156     
 -0.46021613190486721     
 -0.16437352170287134     
  -1.9573322370536772E-002
 -0.28207583652304669     
   2.8815820647884682E-002
  0.30510572363725308     
  0.46873910133700469     
 -0.25353826536706203     
  0.48917975107487954     
 -0.27889657334061158     
  0.29556648625748938     
   6.4256620097427941E-002
 -0.30898647443539340     
 -0.14822601106783173     
  0.11353454451466471     
 -0.18447977409481631     
  0.26863106311832852     
  -1.2352598946719473E-002
  0.28414236511458746     
  -4.8889238490609110E-002
  -8.2714001291937400E-002
 -0.40030478357886468     
  0.15399412412542679     
  0.30323036813080195     
  0.10354966006600219     
 -0.30652988566620143     
   3.9871681033042394E-003
 -0.11346670875094522     
  -7.9048575734012139E-002
  0.24056812847586062     
 -0.44154687677866133     
 -0.28665743369554253     
  0.16796790195489109     
  0.42376963096334030     
 -0.46782581029991954     
 -0.18301610335484653     
 -0.47578288861790563     
  0.46664410919397337     
   5.8560141778724151E-002
  0.23626624786771344     
   4.5596567789227271E-002
  0.38491475945932252     
  0.18632281128986172     
 -0.47225934229673194     
 -0.17431387508095930     
 -0.12132763050119356     
  0.45268271957646961     
 -0.39729781385266461     
  -6.8632230632317756E-002
 -0.25644156047016681     
 -0.25808005969989728     
  0.19525899209946476     
  0.38273640977973999     
  -2.2060606851447624E-002
 -0.42341142771136531     
 -0.27769579862267574     
 -0.14801967387774087     
  0.42086041159524984     
 -0.44087745544786316     
 -0.45601587768396229     
  0.16288009942777523     
 -0.26559862779043109     
 -0.13511594963551146     
  0.26447645092170874     
  -5.2384992174198446E-002
  0.46419565110690209     
 -0.34847379749230811     
  0.14550243750510600     
  0.45818004833913395     
   7.0944199468046226E-002
 -0.38238179593187421     
  -2.5680610330882564E-002
 -0.14218281715730691     
  0.40842854578006549     
  0.30258515157297411     
  0.12569029880583862     
 -0.31621369742772992     
  -1.9433414440706166E-002
  0.13209683263567007     
 -0.46088776767151191     
  0.36047656087990149     
  0.43640925020882121     
  -5.7369855544668086E-002
 -0.26414474959913742     
  -1.5843661246570637E-002
 -0.16702139450201167     
  0.29539990242160269     
 -0.39664539834266810     
 -0.24958812921935408     
  -6.4809797006846318E-002
  0.19001052561459059     
   6.0963176065533309E-002
  0.46863101631548942     
  0.48788190552616156     
 -0.11656925980473082     
 -0.17186287727483596     
 -0.37088460768666931     
 -0.33997428614076930     
  0.46359996396787145     
  -4.4965351599075033E-002
  0.23468711961513400     
 -0.14640033049493328     
  0.27802607366838272     
   3.3864773978703133E-002
  0.18668676273079277     
  0.16363558348604679     
 -0.34940051144230122     
  0.49391886313179834     
  -6.3849993640992864E-002
  0.44736070837634279     
  0.28301293314540388     
  0.39365098158070366     
  0.44701259416154226     
 -0.35424242634228853     
   2.3712491455272988E-002
  0.42030715660611240     
 -0.44224865354451748     
 -0.45272187505958561     
  0.14981644485674073     
  0.15823551006824343     
  0.13450228403985576     
 -0.32159069389525352     
  0.39282816270131748     
  0.21682655054416300     
  0.44473603797446648     
  0.18920677234934025     
  0.28125309547724830     
  0.17679842825479530     
 -0.17039652004914774     
  0.31023311029939760     
 -0.38462699371177977     
  0.37203748214546439     
 -0.11718662781510103     
 -0.25567318840525610     
 -0.21813371218127364     
  0.31459168281493233     
  0.15595314902446145     
  0.26109883358225727     
  -9.6242410673130219E-002
 -0.47484967407102319     
   2.6355303535607999E-002
 -0.44259095285286976     
  0.42583012243664597     
  0.32727796947590815     
 -0.35717563748525982     
  0.38150885589419914     
  -9.2266839581114146E-002
  -2.8645336020166501E-002
 -0.19302250667518972     
 -0.18435228354659239     
 -0.12762435937197902     
  0.18662244834021824     
  0.14806019560580563     
 -0.46597871830731996     
 -0.13346789053432029     
  0.18320833729030528     
   4.6469559120191350E-002
  0.35458383203164523     
  0.37969119491188186     
  -5.5169949848479782E-002
 -0.13133604248506892     
  0.37187795513327615     
  0.29029088812237847     
 -0.16410943200043671     
 -0.28042885998774736     
  0.43898234650432255     
  0.47770124529333968     
 -0.36646643583596561     
   3.9807888066079378E-002
 -0.15097090473824182     
   1.2362158573309578E-002
  0.21470472392231887     
   5.0397869771067416E-002
  0.20944634867110645     
  -2.9577092309110986E-003
 -0.16743658829401431     
  0.20102009373215790     
  0.34881508872946254     
   7.7318388313082465E-002
  0.40484803135978142     
  -7.2287726827528265E-002
  0.33738399368991062     
  0.18685891070795627     
 -0.22373923033711945     
 -0.16738238925692028     
 -0.27703687906168406     
  0.46341566872148465     
  0.40053280647603912     
  0.36594742904181149     
 -0.28904374826684009     
 -0.35479528047875863     
  -9.0465041365669102E-002
  -6.1740025576041864E-002
 -0.31083076649634755     
  0.29530662722014289     
  0.12552322645092145     
 -0.17460427102165979     
 -0.21073391632961982     
 -0.28747773575735136     
  -3.2501336148813217E-002
  0.14951053693207408     
  0.38911740880603307     
 -0.18884281572982459     
 -0.10717712919267919     
 -0.17256137262642848     
  0.36665138472856468     
  0.10056999242302742     
  0.46946265137886800     
  0.46906229182163289     
 -0.24149723706106804     
   3.9875929606974253E-002
   3.4690684339826645E-002
   6.0932198616921278E-002
  0.16805047033114773     
  0.45995886562811544     
   8.7277236660352892E-002
  0.33667075812739350     
 -0.21862800929087123     
 -0.11092960670030520     
  0.10593041736057705     
  0.28983488283534081     
  -9.5613676588881754E-004
  -1.9409399752575673E-002
   4.9647843015772679E-002
  0.10434042385590533     
  0.49134713767462906     
 -0.16734193053210525     
 -0.38323409992784591     
  -6.1566079419603646E-002
 -0.19295527766949441     
   3.2091503021496541E-002
  0.18231884565427761     
 -0.52243780041894028     
 -0.45575745237264687     
 -0.26625324353179952     
 -0.43889425392456188     
  0.34389978334211313     
  -6.0709531195533101E-002
  0.23600275432157333     
   4.5884044620694266E-002
  0.10470026502924348     
  0.13228490727356346     
 -0.54192598006285886     
  -5.6033986271888485E-002
  -3.6063764873038549E-002
 -0.10186137375231265     
 -0.17090953955783914     
 -0.50689349145938611     
  0.21787677920143678     
  0.26513867419785203     
   7.4898318004291975E-002
  0.14275533439099319     
  0.17892395549229095     
 -0.28775189396947704     
 -0.48620874356584221     
  -6.4146090585984972E-002
  0.43859452215015315     
  0.36453881769580421     
 -0.45978835144627472     
 -0.22657946158117848     
  0.26254126317655802     
 -0.12722208969056570     
  0.10601201092537305     
  0.23053562963446550     
  -7.3904039458734250E-003
   5.5984015752057914E-002
 -0.37665150479177678     
 -0.28815165610290927     
  0.19564556147274659     
   6.0173695691574602E-002
  -7.4182772884139991E-002
  0.18938227958626397     
 -0.48190811199040373     
 -0.29088781860498125     
  -9.9390241468405027E-002
  0.27194520585244919     
  -1.7524878306518277E-002
  -1.2109894419842226E-002
  0.25915076961517036     
 -0.31757136425041588     
 -0.42539676780091928     
 -0.43442639342111267     
 -0.26360338365581160     
 -0.13679476992659390     
   2.6551444961442683E-002
 -0.44791227955170365     
  0.38316984414930422     
  0.32124661079564920     
 -0.39872717800770907     
   1.5138472185769691E-002
 -0.18170898689260151     
 -0.27088385565695022     
  0.48152655580636389     
  0.33737772508267183     
 -0.20969152329758542     
 -0.21953601545246837     
 -0.41527704603548560     
 -0.35523845306378182     
   1.9871835084688160E-002
 -0.46418422087126304     
  0.32301027600907728     
  -1.3068104199286034E-002
 -0.41740043076128241     
  0.46773427794185918     
   4.3896752773870423E-002
   6.4310372998909487E-002
  -2.5562936741064867E-002
  0.14084423989115727     
 -0.49850403626707968     
  0.44094184611992776     
  0.27804048717240309     
   6.3890638509732561E-002
  0.44545888768219377     
  0.47241242762972191     
   1.2565344775266291E-002
  0.24010991605516743     
 -0.23467299273217507     
 -0.11453397651223202     
  0.29839503215126806     
 -0.17254359381063336     
  0.16476594135834507     
  0.53036787126248075     
 -0.29105248146313412     
 -0.41933281471880707     
 -0.34235624589226382     
  0.26921755183606538     
 -0.24876308320998558     
  0.38090484825261772     
  0.20618775955871710     
  -8.3344513371467782E-002
 -0.29445330156228594     
  0.25424872122081399     
  0.11471879272672394     
  0.41487028914418450     
  0.21023965622467045     
  0.17555989352933493     
  -1.2118027372151646E-002
 -0.21318014801000770     
  -3.0178829267588532E-002
 -0.35419612531552108     
 -0.48708291598323850     
 -0.20762740114928424     
  0.16277610465188996     
  0.33729953140451757     
 -0.45222405538775950     
  -6.0816909530038266E-002
  -8.0544440087276320E-002
   5.1200587203515301E-002
  -8.9516397678123208E-002
  0.16164289812159743     
  0.42010247990210187     
  0.39558235113511453     
   5.0627115077880903E-003
  0.40189016959020546     
 -0.42437225925955380     
  -4.3914808591441874E-002
  0.29609125235999251     
 -0.27994889030897802     
 -0.26651340969579285     
  0.35490746006188723     
